13
1
2
0 3 24 9 0 -1
8 3 8 9 0 3
haar_x3
-2.475558e-001 0 -1
6.528212e-001 -5.221165e-001 
1
2
6 7 12 1 0 -1
10 7 4 1 0 3
haar_x3
-4.239589e-002 0 -1
6.798834e-001 -2.870205e-001 
1
2
2 6 3 6 0 -1
2 9 3 3 0 2
haar_y2
1.141237e-002 0 -1
-4.923933e-001 4.017968e-001 
1
2
11 3 2 3 0 -1
11 4 2 1 0 3
haar_y3
-1.000562e-002 0 -1
6.809058e-001 -1.691408e-001 
1
2
10 3 3 3 0 -1
10 4 3 1 0 3
haar_y3
7.462177e-003 0 -1
-1.777059e-001 6.270003e-001 
1
2
15 10 1 2 0 -1
15 11 1 1 0 2
haar_y2
1.243841e-004 0 -1
-2.983847e-001 2.835304e-001 
1
2
0 0 1 2 0 -1
0 1 1 1 0 2
haar_y2
3.248955e-004 0 -1
-1.948201e-001 4.798794e-001 
1
2
12 0 11 9 0 -1
12 3 11 3 0 3
haar_y3
-1.101249e-001 0 -1
3.215060e-001 -3.223575e-001 
1
2
8 4 7 3 0 -1
8 5 7 1 0 3
haar_y3
1.273313e-002 0 -1
-1.951429e-001 5.873181e-001 
1
2
17 6 3 4 0 -1
18 6 1 4 0 3
haar_x3
4.329345e-003 0 -1
-4.501136e-002 2.944469e-001 
1
2
4 6 3 4 0 -1
5 6 1 4 0 3
haar_x3
-8.231997e-004 0 -1
3.366945e-001 -3.287870e-001 
1
3
14 4 4 2 0 -1
16 4 2 1 0 2
14 5 2 1 0 2
haar_x2_y2
-8.476486e-003 0 -1
5.799718e-001 -8.840004e-002 
1
2
1 0 11 9 0 -1
1 3 11 3 0 3
haar_y3
-9.461533e-002 0 -1
3.134223e-001 -3.106001e-001 
-1.551244e+000

3
-1
