30
1
2
6 7 12 1 0 -1
10 7 4 1 0 3
haar_x3
-5.432019e-002 0 -1
4.979978e-001 -2.874687e-001 
1
2
12 2 9 10 0 -1
12 7 9 5 0 2
haar_y2
1.428032e-002 0 -1
-6.039390e-001 1.272719e-001 
1
2
0 0 9 9 0 -1
3 0 3 9 0 3
haar_x3
-1.063983e-002 0 -1
2.060550e-001 -4.043601e-001 
1
2
6 2 15 3 0 -1
11 2 5 3 0 3
haar_x3
-1.741705e-002 0 -1
9.657490e-002 -2.962768e-001 
1
2
3 1 12 4 0 -1
7 1 4 4 0 3
haar_x3
2.807753e-002 0 -1
1.913293e-001 -4.260673e-001 
1
2
6 6 12 6 0 -1
10 6 4 6 0 3
haar_x3
-5.727817e-002 0 -1
1.169136e-001 -4.764572e-001 
1
2
0 1 8 4 0 -1
0 3 8 2 0 2
haar_y2
-5.796742e-003 0 -1
1.476458e-001 -4.408327e-001 
1
2
19 0 5 6 0 -1
19 3 5 3 0 2
haar_y2
-1.013095e-002 0 -1
1.452229e-001 -3.449945e-001 
1
2
0 0 5 6 0 -1
0 3 5 3 0 2
haar_y2
-7.427400e-002 0 -1
-7.213842e-001 8.525631e-002 
1
2
14 10 5 2 0 -1
14 11 5 1 0 2
haar_y2
1.076521e-003 0 -1
-2.613295e-001 1.187385e-001 
1
2
11 5 2 3 0 -1
11 6 2 1 0 3
haar_y3
-1.108371e-002 0 -1
4.556688e-001 -1.302174e-001 
1
2
17 11 3 1 0 -1
18 11 1 1 0 3
haar_x3
-1.701956e-003 0 -1
-5.810242e-001 6.985191e-002 
1
3
6 6 4 6 0 -1
6 6 2 3 0 2
8 9 2 3 0 2
haar_x2_y2
-1.643866e-002 0 -1
4.353524e-001 -1.354927e-001 
1
2
12 6 6 1 0 -1
14 6 2 1 0 3
haar_x3
-1.218865e-002 0 -1
4.717803e-001 -1.307033e-001 
1
2
6 6 6 1 0 -1
8 6 2 1 0 3
haar_x3
-7.896416e-003 0 -1
4.755858e-001 -1.721263e-001 
1
2
14 0 6 3 0 -1
16 0 2 3 0 3
haar_x3
9.972135e-003 0 -1
8.628964e-002 -3.589148e-001 
1
2
4 0 6 3 0 -1
6 0 2 3 0 3
haar_x3
8.610778e-003 0 -1
1.066513e-001 -4.690251e-001 
1
2
23 2 1 10 0 -1
23 7 1 5 0 2
haar_y2
-1.013637e-002 0 -1
-5.252074e-001 7.779559e-002 
1
2
0 1 6 11 0 -1
2 1 2 11 0 3
haar_x3
2.803858e-004 0 -1
1.746003e-001 -3.010314e-001 
1
2
19 10 3 1 0 -1
20 10 1 1 0 3
haar_x3
-2.418804e-003 0 -1
-6.951872e-001 4.383385e-002 
1
2
3 4 6 6 0 -1
5 4 2 6 0 3
haar_x3
-2.721071e-002 0 -1
3.396359e-001 -1.754915e-001 
1
2
19 10 3 1 0 -1
20 10 1 1 0 3
haar_x3
3.129799e-003 0 -1
1.877193e-002 -5.369106e-001 
1
2
2 10 3 1 0 -1
3 10 1 1 0 3
haar_x3
-1.585454e-003 0 -1
-6.736896e-001 8.021028e-002 
1
2
10 2 6 3 0 -1
10 3 6 1 0 3
haar_y3
2.868343e-002 0 -1
-9.383872e-002 5.921180e-001 
1
2
2 6 8 6 0 -1
2 8 8 2 0 3
haar_y3
-7.730427e-002 0 -1
-7.585074e-001 8.246579e-002 
1
2
13 6 9 2 0 -1
16 6 3 2 0 3
haar_x3
3.793494e-002 0 -1
-1.790010e-001 2.669816e-001 
1
2
4 3 15 2 0 -1
9 3 5 2 0 3
haar_x3
-2.960746e-002 0 -1
1.857297e-001 -3.351656e-001 
1
3
17 7 6 2 0 -1
20 7 3 1 0 2
17 8 3 1 0 2
haar_x2_y2
-4.761301e-003 0 -1
2.579425e-001 -9.395393e-002 
1
3
3 6 4 4 0 -1
3 6 2 2 0 2
5 8 2 2 0 2
haar_x2_y2
-9.908097e-003 0 -1
3.874480e-001 -1.590797e-001 
1
2
15 3 3 6 0 -1
16 3 1 6 0 3
haar_x3
-7.471210e-003 0 -1
3.714884e-001 -8.207324e-002 
-1.351502e+000

85
-1
