16
1
2
8 2 6 3 0 -1
8 3 6 1 0 3
haar_y3
1.941592e-002 0 -1
-7.675623e-001 9.224577e-002 
1
2
6 7 12 1 0 -1
10 7 4 1 0 3
haar_x3
-5.563611e-002 0 -1
2.257336e-001 -4.559734e-001 
1
2
6 1 11 6 0 -1
6 3 11 2 0 3
haar_y3
-1.243442e-001 0 -1
-9.403942e-001 8.958218e-002 
1
2
13 4 2 6 0 -1
13 7 2 3 0 2
haar_y2
-1.587440e-002 0 -1
-5.531800e-001 6.765425e-002 
1
2
9 4 2 6 0 -1
9 7 2 3 0 2
haar_y2
3.928910e-003 0 -1
-5.228901e-001 1.911357e-001 
1
2
15 0 9 12 0 -1
18 0 3 12 0 3
haar_x3
-3.960378e-003 0 -1
2.245931e-001 -3.838519e-001 
1
2
0 0 9 12 0 -1
3 0 3 12 0 3
haar_x3
-1.047048e-002 0 -1
2.217597e-001 -4.353001e-001 
1
2
7 10 12 2 0 -1
7 11 12 1 0 2
haar_y2
6.272038e-003 0 -1
-3.502887e-001 2.520691e-001 
1
2
0 0 9 2 0 -1
3 0 3 2 0 3
haar_x3
-2.296056e-002 0 -1
-6.671033e-001 1.196237e-001 
1
2
6 3 12 2 0 -1
6 4 12 1 0 2
haar_y2
2.035216e-002 0 -1
-1.377479e-001 6.685543e-001 
1
2
0 5 24 3 0 -1
8 5 8 3 0 3
haar_x3
-1.546734e-001 0 -1
2.405868e-001 -3.339174e-001 
1
2
10 0 5 3 0 -1
10 1 5 1 0 3
haar_y3
-8.852907e-003 0 -1
5.198894e-001 -1.556177e-001 
1
2
4 0 10 3 0 -1
4 1 10 1 0 3
haar_y3
1.757514e-002 0 -1
-1.798289e-001 4.847414e-001 
1
2
10 0 9 2 0 -1
13 0 3 2 0 3
haar_x3
2.831470e-002 0 -1
8.651908e-002 -7.634740e-001 
1
2
8 4 2 3 0 -1
8 5 2 1 0 3
haar_y3
-9.410546e-003 0 -1
5.196330e-001 -1.829172e-001 
1
2
11 4 5 3 0 -1
11 5 5 1 0 3
haar_y3
1.587159e-002 0 -1
-1.115853e-001 5.266819e-001 
-1.791067e+000

46
-1
