23
1
2
5 6 6 1 0 -1
7 6 2 1 0 3
haar_x3
1.826981e-002 0 -1
-3.086368e-001 6.394432e-001 
1
2
19 2 2 9 0 -1
19 5 2 3 0 3
haar_y3
-5.358686e-002 0 -1
4.401459e-001 -6.314425e-002 
1
2
3 2 2 9 0 -1
3 5 2 3 0 3
haar_y3
-1.966031e-002 0 -1
3.101998e-001 -4.782498e-001 
1
2
6 3 12 6 0 -1
10 3 4 6 0 3
haar_x3
-1.613934e-001 0 -1
3.782453e-001 -3.347471e-001 
1
2
4 6 6 2 0 -1
6 6 2 2 0 3
haar_x3
-9.548205e-003 0 -1
5.816149e-001 -1.704300e-001 
1
2
12 3 6 4 0 -1
12 5 6 2 0 2
haar_y2
5.745216e-003 0 -1
-8.215598e-002 3.230448e-001 
1
2
7 6 1 3 0 -1
7 7 1 1 0 3
haar_y3
2.570839e-003 0 -1
-2.316781e-001 4.540019e-001 
1
2
0 4 24 4 0 -1
8 4 8 4 0 3
haar_x3
-2.411408e-001 0 -1
3.029861e-001 -3.156085e-001 
1
3
9 1 6 8 0 -1
9 1 3 4 0 2
12 5 3 4 0 2
haar_x2_y2
1.441062e-003 0 -1
2.218192e-001 -4.400271e-001 
1
2
11 10 4 2 0 -1
11 10 2 2 0 2
haar_x2
1.089091e-002 0 -1
2.413430e-002 -8.716397e-001 
1
2
10 10 2 2 0 -1
11 10 1 2 0 2
haar_x2
-3.145534e-003 0 -1
-7.859405e-001 1.075248e-001 
1
3
15 4 2 2 0 -1
16 4 1 1 0 2
15 5 1 1 0 2
haar_x2_y2
-1.776709e-003 0 -1
3.134540e-001 -1.430764e-001 
1
3
7 4 2 2 0 -1
7 4 1 1 0 2
8 5 1 1 0 2
haar_x2_y2
-2.273241e-003 0 -1
5.070386e-001 -1.637394e-001 
1
3
22 10 2 2 0 -1
23 10 1 1 0 2
22 11 1 1 0 2
haar_x2_y2
-7.604438e-004 0 -1
-3.195653e-001 7.842779e-002 
1
2
8 2 4 3 0 -1
8 3 4 1 0 3
haar_y3
1.751954e-002 0 -1
-1.116946e-001 6.928489e-001 
1
2
2 2 22 10 0 -1
2 2 11 10 0 2
haar_x2
4.577060e-001 0 -1
-5.787307e-002 4.445399e-001 
1
2
6 0 6 3 0 -1
8 0 2 3 0 3
haar_x3
-1.339670e-002 0 -1
-7.308551e-001 1.054182e-001 
1
2
12 0 6 3 0 -1
14 0 2 3 0 3
haar_x3
1.532011e-002 0 -1
3.624667e-002 -8.900403e-001 
1
2
7 5 2 2 0 -1
8 5 1 2 0 2
haar_x2
1.041241e-003 0 -1
-2.188146e-001 3.646362e-001 
1
2
12 0 6 3 0 -1
14 0 2 3 0 3
haar_x3
-1.127386e-002 0 -1
-5.603059e-001 1.045873e-001 
1
2
6 0 6 3 0 -1
8 0 2 3 0 3
haar_x3
1.567484e-002 0 -1
1.218382e-001 -6.701044e-001 
1
2
16 6 1 3 0 -1
16 7 1 1 0 3
haar_y3
7.298561e-003 0 -1
-5.761967e-002 4.643883e-001 
1
2
7 6 1 3 0 -1
7 7 1 1 0 3
haar_y3
-4.152352e-003 0 -1
5.812271e-001 -1.353488e-001 
-1.327623e+000

40
-1
