30
1
2
12 2 9 6 0 -1
15 2 3 6 0 3
haar_x3
3.645254e-003 0 -1
-6.917856e-001 1.925268e-001 
1
2
22 5 9 6 0 -1
22 7 9 2 0 3
haar_y3
-6.843030e-003 0 -1
2.472492e-001 -4.067099e-001 
1
3
12 7 10 8 0 -1
12 7 5 4 0 2
17 11 5 4 0 2
haar_x2_y2
6.208109e-004 0 -1
1.982180e-001 -5.638554e-001 
1
2
16 0 8 6 0 -1
16 3 8 3 0 2
haar_y2
-3.544928e-003 0 -1
1.923130e-001 -5.698248e-001 
1
2
14 2 7 6 0 -1
14 2 7 3 0 2
tilted_haar_y2
-2.877208e-003 0 -1
-7.267889e-001 1.247143e-001 
1
2
19 12 10 4 0 -1
19 12 5 4 0 2
haar_x2
-6.927949e-004 0 -1
1.578206e-001 -3.447990e-001 
1
2
0 6 7 10 0 -1
0 11 7 5 0 2
haar_y2
2.301555e-003 0 -1
-6.282476e-001 1.242896e-001 
1
3
25 8 10 8 0 -1
30 8 5 4 0 2
25 12 5 4 0 2
haar_x2_y2
-4.544980e-004 0 -1
-5.996492e-001 1.357937e-001 
1
3
9 0 12 6 0 -1
9 0 6 3 0 2
15 3 6 3 0 2
haar_x2_y2
-6.780608e-004 0 -1
-4.684676e-001 1.556529e-001 
1
2
17 8 14 6 0 -1
17 10 14 2 0 3
haar_y3
-5.421364e-003 0 -1
-2.876051e-001 1.034400e-001 
1
3
0 8 10 8 0 -1
0 8 5 4 0 2
5 12 5 4 0 2
haar_x2_y2
2.020329e-003 0 -1
-4.164003e-001 1.724207e-001 
1
2
14 10 7 6 0 -1
14 13 7 3 0 2
haar_y2
-2.598594e-003 0 -1
-6.292887e-001 6.884769e-002 
1
2
11 9 13 6 0 -1
11 11 13 2 0 3
haar_y3
-4.926616e-003 0 -1
-6.164591e-001 1.076654e-001 
1
2
24 3 10 6 0 -1
24 5 10 2 0 3
haar_y3
4.232607e-003 0 -1
-1.682083e-001 2.454723e-001 
1
2
17 0 12 3 0 -1
17 0 6 3 0 2
tilted_haar_x2
-5.576222e-003 0 -1
-5.634450e-001 1.032558e-001 
1
2
14 7 9 6 0 -1
14 9 9 2 0 3
haar_y3
-1.150051e-002 0 -1
-5.240148e-001 7.045183e-002 
1
3
0 0 8 14 0 -1
0 0 4 7 0 2
4 7 4 7 0 2
haar_x2_y2
-1.763557e-003 0 -1
1.912915e-001 -3.170849e-001 
1
2
21 7 9 4 0 -1
21 9 9 2 0 2
haar_y2
-6.667335e-003 0 -1
5.427302e-001 -7.721471e-002 
1
2
7 7 9 8 0 -1
7 9 9 4 0 2
haar_y4
1.512316e-003 0 -1
-2.441373e-001 2.843823e-001 
1
2
15 11 11 4 0 -1
15 13 11 2 0 2
haar_y2
8.651646e-005 0 -1
-3.500108e-001 1.148385e-001 
1
2
9 0 9 7 0 -1
12 0 3 7 0 3
haar_x3
-3.832309e-002 0 -1
-7.693951e-001 6.305475e-002 
1
2
13 5 9 6 0 -1
16 5 3 6 0 3
haar_x3
6.447379e-002 0 -1
-1.444407e-001 5.327657e-001 
1
2
1 2 32 6 0 -1
17 2 16 6 0 2
haar_x2
5.375603e-002 0 -1
1.471620e-001 -3.996322e-001 
1
2
8 0 22 2 0 -1
8 0 11 2 0 2
haar_x2
8.264597e-003 0 -1
1.269683e-001 -2.218491e-001 
1
2
5 3 9 6 0 -1
5 5 9 2 0 3
haar_y3
4.342744e-002 0 -1
-8.160324e-002 7.623494e-001 
1
2
15 11 11 4 0 -1
15 13 11 2 0 2
haar_y2
-1.285869e-002 0 -1
-8.026340e-001 4.336776e-002 
1
2
3 3 28 6 0 -1
10 3 14 6 0 2
haar_x4
6.683201e-005 0 -1
-4.112167e-001 1.223044e-001 
1
2
19 11 8 5 0 -1
19 11 4 5 0 2
haar_x2
-4.114744e-003 0 -1
1.115194e-001 -8.874650e-002 
1
2
13 1 6 9 0 -1
13 4 6 3 0 3
haar_y3
-2.422064e-003 0 -1
1.579322e-001 -3.530333e-001 
1
2
14 10 10 4 0 -1
14 12 10 2 0 2
haar_y2
-2.473501e-003 0 -1
-6.937975e-001 5.770354e-002 
-1.575791e+000
