11
1
2
5 6 4 2 0 -1
7 6 2 2 0 2
haar_x2
1.120298e-002 0 -1
-4.639738e-001 6.636968e-001 
1
2
3 3 18 4 0 -1
9 3 6 4 0 3
haar_x3
-8.090271e-002 0 -1
2.473629e-001 -6.926257e-001 
1
2
1 3 6 6 0 -1
3 3 2 6 0 3
haar_x3
-1.246506e-002 0 -1
3.462884e-001 -3.989947e-001 
1
2
13 10 6 2 0 -1
15 10 2 2 0 3
haar_x3
1.055930e-002 0 -1
1.261486e-001 -7.201589e-001 
1
2
10 3 4 3 0 -1
10 4 4 1 0 3
haar_y3
-2.203500e-002 0 -1
5.844685e-001 -2.420011e-001 
1
2
13 10 6 2 0 -1
15 10 2 2 0 3
haar_x3
-1.229419e-002 0 -1
-8.087222e-001 1.040208e-001 
1
2
0 1 7 4 0 -1
0 3 7 2 0 2
haar_y2
-5.148523e-003 0 -1
1.903125e-001 -5.736637e-001 
1
3
14 7 4 2 0 -1
16 7 2 1 0 2
14 8 2 1 0 2
haar_x2_y2
6.743633e-003 0 -1
-2.154512e-001 7.375728e-001 
1
3
6 7 4 2 0 -1
6 7 2 1 0 2
8 8 2 1 0 2
haar_x2_y2
4.275675e-003 0 -1
-2.112156e-001 5.122023e-001 
1
2
15 4 3 4 0 -1
16 4 1 4 0 3
haar_x3
-7.626993e-003 0 -1
7.000428e-001 -1.313922e-001 
1
2
5 11 6 1 0 -1
7 11 2 1 0 3
haar_x3
5.098797e-003 0 -1
1.884308e-001 -7.152631e-001 
-1.023324e+000

26
-1
