32
1
2
6 1 12 6 0 -1
6 3 12 2 0 3
haar_y3
-9.820010e-002 0 -1
5.996199e-001 -1.651370e-001 
1
2
6 7 12 4 0 -1
10 7 4 4 0 3
haar_x3
-3.674214e-002 0 -1
2.440196e-001 -3.600758e-001 
1
2
0 2 14 7 0 -1
7 2 7 7 0 2
haar_x2
6.150518e-003 0 -1
1.644061e-001 -3.587306e-001 
1
2
14 9 6 3 0 -1
16 9 2 3 0 3
haar_x3
1.241298e-002 0 -1
1.082134e-001 -5.903844e-001 
1
2
7 6 2 1 0 -1
8 6 1 1 0 2
haar_x2
4.610715e-003 0 -1
-1.457431e-001 5.256079e-001 
1
2
13 11 6 1 0 -1
13 11 3 1 0 2
haar_x2
9.078088e-003 0 -1
2.407149e-002 -4.638900e-001 
1
2
5 11 6 1 0 -1
8 11 3 1 0 2
haar_x2
7.717460e-004 0 -1
-2.377762e-001 2.411860e-001 
1
2
21 8 3 4 0 -1
21 10 3 2 0 2
haar_y2
9.460470e-003 0 -1
-9.047686e-002 1.993329e-001 
1
2
0 8 3 4 0 -1
0 10 3 2 0 2
haar_y2
3.527333e-003 0 -1
-3.666651e-001 1.670007e-001 
1
3
15 6 2 2 0 -1
16 6 1 1 0 2
15 7 1 1 0 2
haar_x2_y2
3.726115e-003 0 -1
-1.443119e-001 6.691679e-001 
1
2
5 0 11 3 0 -1
5 1 11 1 0 3
haar_y3
1.933410e-002 0 -1
-1.274503e-001 4.108474e-001 
1
2
12 0 4 3 0 -1
12 1 4 1 0 3
haar_y3
-7.590723e-003 0 -1
2.607359e-001 -1.167994e-001 
1
2
3 6 3 3 0 -1
3 7 3 1 0 3
haar_y3
-6.666979e-003 0 -1
3.576443e-001 -1.497465e-001 
1
2
11 1 9 2 0 -1
14 1 3 2 0 3
haar_x3
3.335693e-003 0 -1
1.049100e-001 -1.492859e-001 
1
2
5 10 3 1 0 -1
6 10 1 1 0 3
haar_x3
5.353973e-004 0 -1
1.194277e-001 -4.355188e-001 
1
3
15 3 2 2 0 -1
16 3 1 1 0 2
15 4 1 1 0 2
haar_x2_y2
-3.452362e-003 0 -1
5.026016e-001 -1.462623e-001 
1
2
4 1 9 2 0 -1
7 1 3 2 0 3
haar_x3
1.703923e-002 0 -1
1.274243e-001 -4.575458e-001 
1
3
15 3 2 2 0 -1
16 3 1 1 0 2
15 4 1 1 0 2
haar_x2_y2
1.813161e-003 0 -1
-1.135337e-001 4.110521e-001 
1
2
7 2 6 6 0 -1
7 5 6 3 0 2
haar_y2
-1.354288e-001 0 -1
5.631053e-001 -9.852241e-002 
1
3
16 8 2 2 0 -1
17 8 1 1 0 2
16 9 1 1 0 2
haar_x2_y2
4.277997e-004 0 -1
1.367416e-001 -3.188246e-001 
1
3
7 3 2 2 0 -1
7 3 1 1 0 2
8 4 1 1 0 2
haar_x2_y2
3.688611e-003 0 -1
-9.169313e-002 6.309946e-001 
1
3
16 8 2 2 0 -1
17 8 1 1 0 2
16 9 1 1 0 2
haar_x2_y2
-1.812988e-003 0 -1
-3.811323e-001 4.591040e-002 
1
3
6 8 2 2 0 -1
6 8 1 1 0 2
7 9 1 1 0 2
haar_x2_y2
6.818994e-004 0 -1
9.241727e-002 -6.033589e-001 
1
2
18 8 1 3 0 -1
18 9 1 1 0 3
haar_y3
4.912092e-003 0 -1
-3.294351e-002 4.650577e-001 
1
2
5 8 1 3 0 -1
5 9 1 1 0 3
haar_y3
3.348438e-004 0 -1
1.685335e-001 -3.162228e-001 
1
2
15 8 3 1 0 -1
16 8 1 1 0 3
haar_x3
2.839154e-003 0 -1
-1.272876e-001 4.513586e-001 
1
3
7 3 2 2 0 -1
7 3 1 1 0 2
8 4 1 1 0 2
haar_x2_y2
-5.153539e-003 0 -1
4.996307e-001 -1.045767e-001 
1
2
11 0 12 3 0 -1
15 0 4 3 0 3
haar_x3
-8.901019e-002 0 -1
-6.592373e-001 5.564537e-002 
1
2
3 10 6 2 0 -1
5 10 2 2 0 3
haar_x3
-1.426759e-002 0 -1
-8.146423e-001 5.414275e-002 
1
2
13 1 6 7 0 -1
15 1 2 7 0 3
haar_x3
4.367863e-002 0 -1
-1.007875e-001 2.755179e-001 
1
2
6 7 9 2 0 -1
9 7 3 2 0 3
haar_x3
6.599218e-002 0 -1
-6.278740e-002 8.934782e-001 
1
2
9 11 6 1 0 -1
9 11 3 1 0 2
haar_x2
9.452001e-003 0 -1
7.818749e-002 -8.897494e-001 
-1.137365e+000

83
-1
