26
1
2
3 3 18 5 0 -1
9 3 6 5 0 3
haar_x3
-2.074830e-001 0 -1
4.747036e-001 -3.407657e-001 
1
2
17 4 3 5 0 -1
18 4 1 5 0 3
haar_x3
-3.803026e-003 0 -1
2.186670e-001 -8.888320e-002 
1
2
3 4 6 4 0 -1
5 4 2 4 0 3
haar_x3
-2.323295e-002 0 -1
3.464302e-001 -2.139012e-001 
1
2
20 7 3 4 0 -1
20 9 3 2 0 2
haar_y2
1.831176e-003 0 -1
-4.698584e-001 2.357000e-001 
1
2
1 3 3 9 0 -1
1 6 3 3 0 3
haar_y3
-1.389433e-002 0 -1
2.438062e-001 -3.455908e-001 
1
2
6 6 12 5 0 -1
10 6 4 5 0 3
haar_x3
-7.320336e-002 0 -1
1.503541e-001 -4.292519e-001 
1
2
6 0 11 4 0 -1
6 2 11 2 0 2
haar_y2
-5.412037e-002 0 -1
2.397838e-001 -3.667306e-001 
1
2
17 0 7 6 0 -1
17 3 7 3 0 2
haar_y2
-1.281197e-001 0 -1
-8.226402e-001 1.407438e-002 
1
2
0 0 7 6 0 -1
0 3 7 3 0 2
haar_y2
-1.026348e-001 0 -1
-5.955075e-001 1.060627e-001 
1
2
19 1 3 4 0 -1
19 3 3 2 0 2
haar_y2
-7.123032e-003 0 -1
1.558800e-001 -2.021411e-001 
1
2
2 1 3 4 0 -1
2 3 3 2 0 2
haar_y2
-4.104420e-003 0 -1
1.632196e-001 -3.827275e-001 
1
2
16 6 1 3 0 -1
16 7 1 1 0 3
haar_y3
-3.395926e-003 0 -1
3.918723e-001 -1.192564e-001 
1
3
7 6 2 2 0 -1
7 6 1 1 0 2
8 7 1 1 0 2
haar_x2_y2
-4.137305e-003 0 -1
6.617961e-001 -7.744595e-002 
1
2
12 0 9 5 0 -1
15 0 3 5 0 3
haar_x3
2.055830e-002 0 -1
1.143014e-001 -3.417596e-001 
1
2
3 0 9 5 0 -1
6 0 3 5 0 3
haar_x3
-4.134154e-002 0 -1
-5.487893e-001 1.119685e-001 
1
3
15 4 2 2 0 -1
16 4 1 1 0 2
15 5 1 1 0 2
haar_x2_y2
-2.141408e-003 0 -1
4.231876e-001 -1.718452e-001 
1
2
8 4 8 3 0 -1
8 5 8 1 0 3
haar_y3
2.481370e-002 0 -1
-1.426473e-001 4.607622e-001 
1
3
15 4 2 2 0 -1
16 4 1 1 0 2
15 5 1 1 0 2
haar_x2_y2
3.068387e-003 0 -1
-9.514850e-002 5.056660e-001 
1
3
2 10 2 2 0 -1
2 10 1 1 0 2
3 11 1 1 0 2
haar_x2_y2
-1.122879e-003 0 -1
-6.566762e-001 1.145477e-001 
1
3
15 4 2 2 0 -1
16 4 1 1 0 2
15 5 1 1 0 2
haar_x2_y2
-4.971618e-003 0 -1
3.825082e-001 -6.487115e-002 
1
2
9 7 6 2 0 -1
11 7 2 2 0 3
haar_x3
-8.486921e-003 0 -1
1.430206e-001 -4.315959e-001 
1
3
15 4 2 2 0 -1
16 4 1 1 0 2
15 5 1 1 0 2
haar_x2_y2
7.123405e-004 0 -1
-7.602413e-002 1.230150e-001 
1
3
7 4 2 2 0 -1
7 4 1 1 0 2
8 5 1 1 0 2
haar_x2_y2
-2.891551e-003 0 -1
5.216123e-001 -1.319236e-001 
1
2
11 10 6 1 0 -1
13 10 2 1 0 3
haar_x3
1.006828e-002 0 -1
5.409783e-002 -9.621479e-001 
1
2
7 10 6 1 0 -1
9 10 2 1 0 3
haar_x3
-5.183624e-003 0 -1
-5.944742e-001 8.106917e-002 
1
2
16 6 6 2 0 -1
18 6 2 2 0 3
haar_x3
2.704465e-002 0 -1
-5.789189e-002 4.481682e-001 
-1.222282e+000

92
-1
