26
1
2
5 6 6 2 0 -1
7 6 2 2 0 3
haar_x3
3.821824e-002 0 -1
-2.365413e-001 4.859802e-001 
1
2
12 2 6 10 0 -1
12 7 6 5 0 2
haar_y2
1.484761e-002 0 -1
-5.569981e-001 1.678517e-001 
1
2
6 0 7 4 0 -1
6 2 7 2 0 2
haar_y2
-2.366291e-002 0 -1
1.847761e-001 -4.341299e-001 
1
2
6 7 12 1 0 -1
10 7 4 1 0 3
haar_x3
-2.732228e-002 0 -1
2.134781e-001 -5.337520e-001 
1
2
2 6 2 6 0 -1
2 9 2 3 0 2
haar_y2
1.296059e-002 0 -1
-3.561971e-001 2.588809e-001 
1
2
10 9 6 3 0 -1
10 9 3 3 0 2
haar_x2
-3.494399e-002 0 -1
-7.868294e-001 3.394975e-002 
1
2
8 3 8 2 0 -1
8 4 8 1 0 2
haar_y2
-3.650584e-002 0 -1
5.701005e-001 -1.284015e-001 
1
2
11 0 9 3 0 -1
14 0 3 3 0 3
haar_x3
2.738652e-002 0 -1
1.126555e-001 -6.222417e-001 
1
2
8 7 2 1 0 -1
9 7 1 1 0 2
haar_x2
2.382918e-003 0 -1
-1.227177e-001 6.863711e-001 
1
2
12 6 6 1 0 -1
14 6 2 1 0 3
haar_x3
-1.719304e-002 0 -1
5.391238e-001 -7.448244e-002 
1
2
6 6 4 1 0 -1
8 6 2 1 0 2
haar_x2
-8.482439e-003 0 -1
4.857839e-001 -1.790450e-001 
1
2
6 10 12 2 0 -1
10 10 4 2 0 3
haar_x3
3.613295e-002 0 -1
1.157205e-001 -8.722180e-001 
1
2
7 5 2 4 0 -1
8 5 1 4 0 2
haar_x2
4.151255e-003 0 -1
-2.630501e-001 3.311835e-001 
1
3
4 0 20 4 0 -1
14 0 10 2 0 2
4 2 10 2 0 2
haar_x2_y2
-1.825835e-001 0 -1
-1.000000e+000 1.810842e-002 
1
2
8 10 1 2 0 -1
8 11 1 1 0 2
haar_y2
1.281475e-004 0 -1
-3.666892e-001 1.796139e-001 
1
2
14 6 9 6 0 -1
14 8 9 2 0 3
haar_y3
-1.332598e-001 0 -1
-6.183424e-001 1.925779e-002 
1
2
4 0 9 2 0 -1
7 0 3 2 0 3
haar_x3
1.524549e-002 0 -1
1.240756e-001 -5.158772e-001 
1
2
7 7 12 1 0 -1
11 7 4 1 0 3
haar_x3
-3.547549e-002 0 -1
1.391632e-001 -2.122987e-001 
1
2
7 7 6 1 0 -1
9 7 2 1 0 3
haar_x3
-4.892685e-003 0 -1
3.618189e-001 -2.008421e-001 
1
2
11 10 6 2 0 -1
13 10 2 2 0 3
haar_x3
-1.231170e-002 0 -1
-7.664028e-001 6.378469e-002 
1
2
8 2 3 3 0 -1
8 3 3 1 0 3
haar_y3
-9.663241e-003 0 -1
3.982162e-001 -1.735996e-001 
1
3
21 9 2 2 0 -1
22 9 1 1 0 2
21 10 1 1 0 2
haar_x2_y2
-1.270117e-003 0 -1
-6.910812e-001 6.668696e-002 
1
2
8 2 1 3 0 -1
8 3 1 1 0 3
haar_y3
3.873396e-003 0 -1
-1.380278e-001 4.866083e-001 
1
3
21 8 2 2 0 -1
22 8 1 1 0 2
21 9 1 1 0 2
haar_x2_y2
1.180024e-004 0 -1
-1.719018e-001 2.096474e-001 
1
3
1 9 2 2 0 -1
1 9 1 1 0 2
2 10 1 1 0 2
haar_x2_y2
1.452807e-003 0 -1
7.887314e-002 -7.332397e-001 
1
2
15 1 9 11 0 -1
18 1 3 11 0 3
haar_x3
-4.686791e-003 0 -1
2.401672e-001 -3.852557e-001 
-1.292618e+000

60
-1
