17
1
2
7 0 10 9 0 -1
7 3 10 3 0 3
haar_y3
-1.557316e-001 0 -1
7.348908e-001 -3.984193e-001 
1
2
6 6 12 3 0 -1
10 6 4 3 0 3
haar_x3
-1.178655e-001 0 -1
5.201473e-001 -3.421364e-001 
1
2
9 4 5 2 0 -1
9 5 5 1 0 2
haar_y2
5.388003e-003 0 -1
-1.333078e-001 5.714282e-001 
1
2
10 4 4 3 0 -1
10 5 4 1 0 3
haar_y3
-1.332822e-002 0 -1
5.193555e-001 -2.309758e-001 
1
3
6 9 2 2 0 -1
6 9 1 1 0 2
7 10 1 1 0 2
haar_x2_y2
8.543765e-004 0 -1
1.469897e-001 -7.067438e-001 
1
2
21 4 2 4 0 -1
21 4 1 4 0 2
haar_x2
-2.482382e-003 0 -1
2.975564e-001 -3.477544e-001 
1
3
0 0 4 8 0 -1
0 0 2 4 0 2
2 4 2 4 0 2
haar_x2_y2
-1.481931e-002 0 -1
3.430687e-001 -2.488384e-001 
1
2
14 6 4 2 0 -1
14 6 2 2 0 2
haar_x2
-2.928925e-002 0 -1
5.688924e-001 -9.494711e-002 
1
2
6 6 4 2 0 -1
8 6 2 2 0 2
haar_x2
-1.356158e-002 0 -1
3.594314e-001 -2.599604e-001 
1
2
18 6 2 3 0 -1
18 7 2 1 0 3
haar_y3
-3.524989e-003 0 -1
4.119129e-001 -1.881596e-001 
1
2
7 7 2 2 0 -1
8 7 1 2 0 2
haar_x2
1.284662e-003 0 -1
-1.611414e-001 4.973623e-001 
1
2
10 10 9 2 0 -1
13 10 3 2 0 3
haar_x3
2.119295e-002 0 -1
4.771457e-002 -8.521970e-001 
1
2
6 10 8 2 0 -1
10 10 4 2 0 2
haar_x2
-7.601068e-003 0 -1
-4.896167e-001 1.376745e-001 
1
3
15 1 2 2 0 -1
16 1 1 1 0 2
15 2 1 1 0 2
haar_x2_y2
2.892899e-003 0 -1
-7.882469e-002 5.043482e-001 
1
2
6 0 9 2 0 -1
9 0 3 2 0 3
haar_x3
-2.476627e-002 0 -1
-7.628965e-001 8.629071e-002 
1
3
15 1 2 2 0 -1
16 1 1 1 0 2
15 2 1 1 0 2
haar_x2_y2
-1.434238e-003 0 -1
3.279720e-001 -1.358186e-001 
1
2
7 5 3 4 0 -1
8 5 1 4 0 3
haar_x3
-3.600426e-003 0 -1
3.969511e-001 -1.645671e-001 
-1.310484e+000

29
-1
