13
1
2
6 6 12 5 0 -1
10 6 4 5 0 3
haar_x3
-7.918283e-002 0 -1
5.084122e-001 -6.475574e-001 
1
2
20 5 4 4 0 -1
20 5 2 4 0 2
haar_x2
-5.112790e-003 0 -1
3.508696e-001 -5.256937e-001 
1
2
2 5 6 4 0 -1
4 5 2 4 0 3
haar_x3
-1.446445e-002 0 -1
4.070556e-001 -3.971694e-001 
1
2
9 3 7 3 0 -1
9 4 7 1 0 3
haar_y3
-2.152448e-002 0 -1
5.239320e-001 -2.630364e-001 
1
2
5 10 6 1 0 -1
7 10 2 1 0 3
haar_x3
5.593433e-003 0 -1
2.120248e-001 -7.754192e-001 
1
2
22 5 2 4 0 -1
22 5 1 4 0 2
haar_x2
-2.600207e-003 0 -1
1.280261e-001 -2.202890e-001 
1
2
8 2 8 3 0 -1
8 3 8 1 0 3
haar_y3
-2.886722e-002 0 -1
6.201996e-001 -1.722219e-001 
1
2
20 4 4 5 0 -1
20 4 2 5 0 2
haar_x2
4.295442e-002 0 -1
2.124214e-003 -9.041956e-001 
1
2
6 7 12 1 0 -1
10 7 4 1 0 3
haar_x3
-5.087899e-002 0 -1
5.243124e-001 -2.141633e-001 
1
2
20 2 4 6 0 -1
20 2 2 6 0 2
haar_x2
-7.211806e-002 0 -1
-7.730432e-001 1.960209e-002 
1
2
0 2 4 6 0 -1
2 2 2 6 0 2
haar_x2
-5.900771e-003 0 -1
2.405470e-001 -5.169901e-001 
1
2
8 7 8 1 0 -1
8 7 4 1 0 2
haar_x2
2.261086e-002 0 -1
-1.621240e-001 6.517816e-001 
1
2
0 8 11 4 0 -1
0 10 11 2 0 2
haar_y2
6.440376e-003 0 -1
-5.048971e-001 2.235361e-001 
-1.239450e+000

15
-1
