9
1
2
5 6 6 2 0 -1
7 6 2 2 0 3
haar_x3
3.412373e-002 0 -1
-3.970646e-001 7.360295e-001 
1
2
0 4 24 1 0 -1
8 4 8 1 0 3
haar_x3
-7.214963e-002 0 -1
5.891098e-001 -3.611221e-001 
1
2
10 6 4 6 0 -1
10 9 4 3 0 2
haar_y2
2.307392e-002 0 -1
-7.837358e-001 2.471643e-001 
1
3
15 6 6 6 0 -1
18 6 3 3 0 2
15 9 3 3 0 2
haar_x2_y2
-7.993863e-003 0 -1
3.232572e-001 -3.730782e-001 
1
2
1 4 3 6 0 -1
1 6 3 2 0 3
haar_y3
-9.591514e-003 0 -1
3.781860e-001 -3.874729e-001 
1
2
11 0 12 3 0 -1
15 0 4 3 0 3
haar_x3
4.247829e-002 0 -1
1.207372e-001 -6.982758e-001 
1
2
1 0 12 3 0 -1
5 0 4 3 0 3
haar_x3
2.700568e-002 0 -1
2.167647e-001 -7.230149e-001 
1
2
6 6 12 5 0 -1
10 6 4 5 0 3
haar_x3
-8.312927e-002 0 -1
2.411278e-001 -5.121900e-001 
1
2
8 10 1 2 0 -1
8 11 1 1 0 2
haar_y2
1.053812e-004 0 -1
-5.047970e-001 2.572283e-001 
-1.254723e+000

19
-1
