19
1
2
6 4 11 3 0 -1
6 5 11 1 0 3
haar_y3
-5.855297e-002 0 -1
-1.083033e-002 -7.221358e-001 
1
2
8 1 16 8 0 -1
8 1 8 8 0 2
haar_x2
-4.466493e-001 0 -1
-8.608363e-001 -1.376884e-001 
1
2
0 2 16 7 0 -1
8 2 8 7 0 2
haar_x2
-2.232940e-001 0 -1
-8.147727e-001 1.359470e-001 
1
2
8 2 8 3 0 -1
8 3 8 1 0 3
haar_y3
2.567546e-002 0 -1
-2.187982e-001 3.829145e-001 
1
2
9 7 2 3 0 -1
10 7 1 3 0 2
haar_x2
-1.626075e-003 0 -1
2.451135e-001 -3.371139e-001 
1
3
19 10 2 2 0 -1
20 10 1 1 0 2
19 11 1 1 0 2
haar_x2_y2
2.167561e-003 0 -1
2.868943e-002 -8.714039e-001 
1
3
3 10 2 2 0 -1
3 10 1 1 0 2
4 11 1 1 0 2
haar_x2_y2
-4.852405e-004 0 -1
-6.047900e-001 8.259398e-002 
1
3
15 1 2 2 0 -1
16 1 1 1 0 2
15 2 1 1 0 2
haar_x2_y2
1.097355e-003 0 -1
-1.343496e-001 3.286278e-001 
1
3
7 4 2 2 0 -1
7 4 1 1 0 2
8 5 1 1 0 2
haar_x2_y2
2.326989e-003 0 -1
-1.120952e-001 6.051680e-001 
1
2
16 0 4 4 0 -1
16 0 2 4 0 2
haar_x2
-1.117023e-002 0 -1
-4.770125e-001 9.839008e-002 
1
2
7 5 3 4 0 -1
8 5 1 4 0 3
haar_x3
-5.211987e-003 0 -1
4.630337e-001 -1.473868e-001 
1
2
9 0 11 4 0 -1
9 2 11 2 0 2
haar_y2
-1.879074e-002 0 -1
1.884239e-001 -2.625070e-001 
1
3
8 7 2 2 0 -1
8 7 1 1 0 2
9 8 1 1 0 2
haar_x2_y2
2.885847e-003 0 -1
-1.352958e-001 4.606076e-001 
1
3
2 8 20 2 0 -1
12 8 10 1 0 2
2 9 10 1 0 2
haar_x2_y2
-7.554718e-003 0 -1
2.794505e-001 -2.482263e-001 
1
2
0 8 10 4 0 -1
0 10 10 2 0 2
haar_y2
1.438772e-003 0 -1
-5.042037e-001 1.589452e-001 
1
2
12 6 6 6 0 -1
12 8 6 2 0 3
haar_y3
-9.188801e-002 0 -1
-3.619765e-001 5.703825e-004 
1
2
5 10 1 2 0 -1
5 11 1 1 0 2
haar_y2
2.479624e-003 0 -1
9.669624e-002 -5.869638e-001 
1
3
15 1 2 2 0 -1
16 1 1 1 0 2
15 2 1 1 0 2
haar_x2_y2
-1.576239e-003 0 -1
5.056697e-001 -1.776153e-001 
1
2
1 4 2 5 0 -1
2 4 1 5 0 2
haar_x2
-2.937962e-003 0 -1
2.151250e-001 -2.900416e-001 
-1.666392e+000

49
63
