18
1
2
6 7 12 1 0 -1
10 7 4 1 0 3
haar_x3
-4.845098e-002 0 -1
5.223505e-001 -4.129095e-001 
1
2
15 6 9 2 0 -1
18 6 3 2 0 3
haar_x3
-1.311560e-002 0 -1
4.534903e-001 -3.587299e-001 
1
2
0 6 9 2 0 -1
3 6 3 2 0 3
haar_x3
-1.599636e-002 0 -1
3.638183e-001 -3.487537e-001 
1
2
8 4 12 8 0 -1
8 8 12 4 0 2
haar_y2
2.304016e-001 0 -1
-2.499288e-001 3.367541e-001 
1
2
0 3 24 5 0 -1
8 3 8 5 0 3
haar_x3
-1.678976e-001 0 -1
1.852997e-001 -7.283009e-001 
1
2
14 5 3 4 0 -1
15 5 1 4 0 3
haar_x3
-8.226641e-003 0 -1
7.098756e-001 -2.695559e-001 
1
2
8 4 8 2 0 -1
8 5 8 1 0 2
haar_y2
1.287660e-002 0 -1
-1.740284e-001 5.165303e-001 
1
2
20 6 1 6 0 -1
20 9 1 3 0 2
haar_y2
1.311896e-003 0 -1
-5.624968e-001 2.224867e-001 
1
2
6 6 12 6 0 -1
10 6 4 6 0 3
haar_x3
-1.074646e-001 0 -1
2.491528e-001 -3.832869e-001 
1
2
12 6 12 6 0 -1
12 9 12 3 0 2
haar_y2
7.776497e-002 0 -1
-2.009269e-001 1.277805e-001 
1
2
8 1 8 10 0 -1
12 1 4 10 0 2
haar_x2
-9.138620e-002 0 -1
6.093040e-001 -1.782881e-001 
1
2
10 4 4 3 0 -1
10 5 4 1 0 3
haar_y3
-1.851220e-002 0 -1
6.900086e-001 -1.508008e-001 
1
2
2 6 2 6 0 -1
2 9 2 3 0 2
haar_y2
2.193640e-003 0 -1
-5.293749e-001 1.994401e-001 
1
3
15 7 4 2 0 -1
17 7 2 1 0 2
15 8 2 1 0 2
haar_x2_y2
7.127546e-003 0 -1
-1.193150e-001 6.398882e-001 
1
2
5 6 9 2 0 -1
8 6 3 2 0 3
haar_x3
-3.124473e-002 0 -1
5.396965e-001 -2.011300e-001 
1
2
14 5 3 4 0 -1
15 5 1 4 0 3
haar_x3
1.113162e-002 0 -1
-1.486640e-001 6.624790e-001 
1
2
9 4 6 8 0 -1
9 8 6 4 0 2
haar_y2
4.340849e-002 0 -1
-8.065617e-001 1.431567e-001 
1
2
15 5 2 4 0 -1
15 5 1 4 0 2
haar_x2
-1.030342e-002 0 -1
4.359115e-001 -2.142513e-001 
-1.517220e+000

32
-1
