10
1
2
6 1 12 6 0 -1
6 3 12 2 0 3
haar_y3
-9.575738e-002 0 -1
3.511586e-001 -7.548592e-001 
1
2
0 1 24 10 0 -1
8 1 8 10 0 3
haar_x3
-3.214512e-001 0 -1
2.179565e-001 -8.617063e-001 
1
2
0 2 14 7 0 -1
7 2 7 7 0 2
haar_x2
-8.013199e-002 0 -1
9.340096e-002 -9.255877e-001 
1
3
15 6 4 6 0 -1
17 6 2 3 0 2
15 9 2 3 0 2
haar_x2_y2
-8.528920e-003 0 -1
4.416371e-001 -1.844099e-001 
1
3
5 6 4 6 0 -1
5 6 2 3 0 2
7 9 2 3 0 2
haar_x2_y2
-9.991357e-003 0 -1
4.784165e-001 -3.938613e-001 
1
2
14 2 4 10 0 -1
14 7 4 5 0 2
haar_y2
-3.681698e-002 0 -1
-7.835444e-001 7.867727e-002 
1
2
0 1 12 9 0 -1
0 4 12 3 0 3
haar_y3
-1.088059e-001 0 -1
2.775000e-001 -4.217244e-001 
1
2
14 6 6 2 0 -1
16 6 2 2 0 3
haar_x3
2.225376e-002 0 -1
-3.028318e-001 5.342718e-001 
1
2
4 6 6 2 0 -1
6 6 2 2 0 3
haar_x3
3.052523e-002 0 -1
-1.800815e-001 5.907794e-001 
1
2
22 4 2 8 0 -1
22 4 1 8 0 2
haar_x2
-2.931498e-003 0 -1
3.319521e-001 -4.856001e-001 
-1.896219e+000

69
-1
