39
1
2
6 5 9 6 0 -1
6 7 9 2 0 3
haar_y3
-1.008625e-002 0 -1
2.846585e-001 -3.686055e-001 
1
2
9 4 21 9 0 -1
16 7 7 3 0 9
haar_point
-1.064094e-002 0 -1
-5.827698e-001 9.789942e-002 
1
2
0 0 21 3 0 -1
7 0 7 3 0 3
haar_x3
7.861915e-004 0 -1
-3.491408e-001 2.269287e-001 
1
2
6 13 24 3 0 -1
12 13 12 3 0 2
haar_x4
-9.774906e-004 0 -1
1.931033e-001 -4.105052e-001 
1
2
8 1 12 5 0 -1
14 1 6 5 0 2
haar_x2
9.518588e-004 0 -1
-7.142530e-001 8.741774e-002 
1
2
17 1 6 9 0 -1
17 4 6 3 0 3
haar_y3
-2.931458e-003 0 -1
1.037937e-001 -3.488425e-001 
1
2
10 10 9 4 0 -1
10 12 9 2 0 2
haar_y2
-3.455556e-004 0 -1
-6.909371e-001 8.882637e-002 
1
3
21 3 8 10 0 -1
25 3 4 5 0 2
21 8 4 5 0 2
haar_x2_y2
-4.888779e-003 0 -1
-3.807634e-001 1.120673e-001 
1
2
0 0 6 13 0 -1
2 0 2 13 0 3
haar_x3
4.265346e-003 0 -1
-1.930554e-001 2.953773e-001 
1
3
1 7 34 8 0 -1
18 7 17 4 0 2
1 11 17 4 0 2
haar_x2_y2
2.022475e-002 0 -1
1.177985e-001 -4.428127e-001 
1
2
0 9 7 6 0 -1
0 12 7 3 0 2
haar_y2
2.197154e-004 0 -1
-6.211608e-001 6.613046e-002 
1
2
10 2 15 4 0 -1
10 4 15 2 0 2
haar_y2
-5.065403e-002 0 -1
5.307482e-001 -1.032244e-001 
1
3
7 3 8 10 0 -1
7 3 4 5 0 2
11 8 4 5 0 2
haar_x2_y2
-8.331794e-003 0 -1
-4.181677e-001 1.429086e-001 
1
2
20 1 8 6 0 -1
20 1 4 6 0 2
tilted_haar_y2
3.658795e-003 0 -1
-4.358102e-001 1.310162e-001 
1
2
2 3 11 4 0 -1
2 5 11 2 0 2
haar_y2
3.967859e-003 0 -1
-1.767615e-001 3.056922e-001 
1
2
21 2 4 14 0 -1
21 9 4 7 0 2
haar_y2
-1.277068e-003 0 -1
-4.545433e-001 9.381314e-002 
1
2
7 3 14 12 0 -1
7 7 14 4 0 3
haar_y3
7.441912e-003 0 -1
4.819444e-002 -7.965631e-001 
1
2
8 0 24 2 0 -1
8 0 12 2 0 2
haar_x2
5.857841e-002 0 -1
2.469755e-002 -4.518407e-001 
1
2
12 6 6 9 0 -1
14 6 2 9 0 3
haar_x3
-5.291923e-005 0 -1
1.286972e-001 -3.585674e-001 
1
2
21 0 8 13 0 -1
23 0 4 13 0 2
haar_x4
5.668229e-003 0 -1
2.660568e-002 -2.523921e-001 
1
2
11 0 4 9 0 -1
13 0 2 9 0 2
haar_x2
5.566946e-004 0 -1
-4.843050e-001 1.046163e-001 
1
2
13 1 9 4 0 -1
13 3 9 2 0 2
haar_y2
-2.430708e-003 0 -1
1.345453e-001 -3.480886e-001 
1
2
8 2 8 14 0 -1
8 9 8 7 0 2
haar_y2
-1.261845e-002 0 -1
-6.493850e-001 5.947224e-002 
1
2
20 1 8 7 0 -1
20 1 4 7 0 2
tilted_haar_y2
-1.874570e-003 0 -1
-2.400830e-001 5.639245e-002 
1
2
2 12 9 4 0 -1
2 14 9 2 0 2
haar_y2
-2.659626e-003 0 -1
-4.759364e-001 7.971360e-002 
1
2
23 5 9 6 0 -1
23 7 9 2 0 3
haar_y3
-4.512991e-002 0 -1
6.380848e-001 -8.325407e-002 
1
2
1 7 33 9 0 -1
12 10 11 3 0 9
haar_point
-1.055831e-001 0 -1
-7.265210e-001 6.569868e-002 
1
2
16 10 12 6 0 -1
19 10 6 6 0 2
haar_x4
-5.193595e-003 0 -1
1.422634e-001 -2.053860e-001 
1
2
3 13 18 3 0 -1
9 13 6 3 0 3
haar_x3
5.712204e-003 0 -1
1.274007e-001 -3.470159e-001 
1
2
21 10 13 6 0 -1
21 12 13 2 0 3
haar_y3
9.726487e-004 0 -1
-3.461693e-001 1.151734e-001 
1
2
13 0 9 6 0 -1
16 0 3 6 0 3
haar_x3
5.293106e-002 0 -1
5.110781e-002 -7.185552e-001 
1
2
21 4 9 6 0 -1
21 6 9 2 0 3
haar_y3
1.091152e-002 0 -1
-1.163410e-001 5.479345e-001 
1
2
3 1 27 6 0 -1
12 3 9 2 0 9
haar_point
-4.096530e-002 0 -1
-7.103783e-001 7.360937e-002 
1
2
16 0 6 11 0 -1
18 0 2 11 0 3
haar_x3
-6.925177e-003 0 -1
-5.253600e-001 5.702519e-002 
1
3
0 0 14 6 0 -1
0 0 7 3 0 2
7 3 7 3 0 2
haar_x2_y2
-3.570742e-002 0 -1
3.896351e-001 -9.361290e-002 
1
2
10 1 15 9 0 -1
15 1 5 9 0 3
haar_x3
4.878050e-002 0 -1
2.469028e-001 -1.899685e-001 
1
2
0 3 10 4 0 -1
5 3 5 4 0 2
haar_x2
1.390368e-002 0 -1
-1.004869e-001 4.791614e-001 
1
2
31 0 4 15 0 -1
31 0 2 15 0 2
haar_x2
9.899868e-004 0 -1
-1.322238e-001 1.478617e-001 
1
2
0 0 4 15 0 -1
2 0 2 15 0 2
haar_x2
-2.454175e-002 0 -1
5.910411e-001 -6.797946e-002 
-1.455431e+000
