15
1
2
6 6 6 2 0 -1
8 6 2 2 0 3
haar_x3
3.370959e-002 0 -1
-8.047301e-001 1.611594e-001 
1
2
15 5 6 3 0 -1
17 5 2 3 0 3
haar_x3
4.591517e-002 0 -1
-3.405592e-001 5.285918e-001 
1
2
4 0 12 6 0 -1
4 3 12 3 0 2
haar_y2
-8.140388e-002 0 -1
2.389499e-001 -6.379811e-001 
1
3
15 6 4 4 0 -1
17 6 2 2 0 2
15 8 2 2 0 2
haar_x2_y2
1.464699e-002 0 -1
-1.107670e-001 3.975199e-001 
1
3
5 6 4 4 0 -1
5 6 2 2 0 2
7 8 2 2 0 2
haar_x2_y2
-5.003700e-003 0 -1
4.508621e-001 -3.586397e-001 
1
2
22 8 2 4 0 -1
22 10 2 2 0 2
haar_y2
2.071991e-003 0 -1
-2.987374e-001 2.068713e-001 
1
2
0 8 2 4 0 -1
0 10 2 2 0 2
haar_y2
9.309453e-004 0 -1
-4.519570e-001 2.392903e-001 
1
2
19 0 5 6 0 -1
19 3 5 3 0 2
haar_y2
-7.564352e-002 0 -1
-8.018987e-001 1.153368e-001 
1
2
0 0 5 6 0 -1
0 3 5 3 0 2
haar_y2
-6.789161e-002 0 -1
-7.150514e-001 1.007546e-001 
1
2
7 7 12 3 0 -1
11 7 4 3 0 3
haar_x3
-2.059916e-001 0 -1
-5.483396e-001 -5.693894e-005 
1
2
5 7 12 3 0 -1
9 7 4 3 0 3
haar_x3
-8.091212e-002 0 -1
-7.802354e-001 1.189586e-001 
1
2
10 10 4 1 0 -1
10 10 2 1 0 2
haar_x2
5.450558e-003 0 -1
7.402613e-002 -8.936394e-001 
1
2
7 4 3 5 0 -1
8 4 1 5 0 3
haar_x3
1.391519e-002 0 -1
-2.151011e-001 4.119880e-001 
1
2
12 0 6 3 0 -1
14 0 2 3 0 3
haar_x3
-1.860781e-002 0 -1
-6.829559e-001 8.693348e-002 
1
2
1 2 2 8 0 -1
2 2 1 8 0 2
haar_x2
-3.894568e-003 0 -1
2.254685e-001 -3.884241e-001 
-1.914088e+000

28
-1
