9
1
2
7 7 21 3 0 -1
14 7 7 3 0 3
haar_x3
1.233762e-002 0 -1
-8.036225e-001 2.979183e-001 
1
3
17 0 18 8 0 -1
26 0 9 4 0 2
17 4 9 4 0 2
haar_x2_y2
-2.089731e-003 0 -1
2.731978e-001 -6.999737e-001 
1
2
8 4 11 12 0 -1
8 10 11 6 0 2
haar_y2
1.327239e-003 0 -1
-8.849034e-001 1.691718e-001 
1
2
20 0 8 7 0 -1
20 0 4 7 0 2
tilted_haar_y2
-4.443381e-003 0 -1
-7.479119e-001 2.360135e-001 
1
2
14 4 4 10 0 -1
16 4 2 10 0 2
haar_x2
2.834310e-003 0 -1
-7.252287e-001 2.168706e-001 
1
2
15 7 8 9 0 -1
15 10 8 3 0 3
haar_y3
-8.807603e-003 0 -1
-7.253029e-001 1.740792e-001 
1
2
8 10 13 6 0 -1
8 13 13 3 0 2
haar_y2
-2.421597e-003 0 -1
-8.328707e-001 1.719264e-001 
1
2
8 0 20 7 0 -1
13 0 10 7 0 2
haar_x4
1.688423e-003 0 -1
-7.408366e-001 1.166510e-001 
1
2
11 7 6 9 0 -1
11 10 6 3 0 3
haar_y3
-9.339591e-003 0 -1
-6.817035e-001 1.954035e-001 
-1.207406e+000
