22
1
3
3 6 6 6 0 -1
3 6 3 3 0 2
6 9 3 3 0 2
haar_x2_y2
-1.126311e-002 0 -1
3.695117e-001 -5.013774e-001 
1
2
13 0 2 9 0 -1
13 3 2 3 0 3
haar_y3
-1.788886e-002 0 -1
1.786419e-001 -3.239380e-001 
1
2
7 6 2 3 0 -1
8 6 1 3 0 2
haar_x2
1.597768e-003 0 -1
-2.465159e-001 4.101434e-001 
1
2
12 0 12 9 0 -1
12 3 12 3 0 3
haar_y3
-1.139023e-001 0 -1
1.499495e-001 -7.352394e-002 
1
2
6 3 6 4 0 -1
6 5 6 2 0 2
haar_y2
2.695200e-002 0 -1
-1.951752e-001 4.136268e-001 
1
2
12 8 12 4 0 -1
12 10 12 2 0 2
haar_y2
3.493921e-002 0 -1
-3.067186e-001 1.743113e-001 
1
2
1 10 20 2 0 -1
11 10 10 2 0 2
haar_x2
-1.000553e-001 0 -1
4.145919e-001 -1.872881e-001 
1
2
5 6 15 2 0 -1
10 6 5 2 0 3
haar_x3
-1.400774e-001 0 -1
4.420790e-001 -1.393111e-001 
1
2
8 3 3 2 0 -1
8 4 3 1 0 2
haar_y2
-1.149819e-002 0 -1
5.183131e-001 -1.836164e-001 
1
2
13 7 6 1 0 -1
15 7 2 1 0 3
haar_x3
1.606188e-002 0 -1
-7.409938e-002 3.469834e-001 
1
2
5 7 6 1 0 -1
7 7 2 1 0 3
haar_x3
-4.062660e-003 0 -1
6.213595e-001 -1.393781e-001 
1
2
10 3 7 3 0 -1
10 4 7 1 0 3
haar_y3
1.597762e-002 0 -1
-6.705143e-002 5.233312e-001 
1
3
10 7 2 2 0 -1
10 7 1 1 0 2
11 8 1 1 0 2
haar_x2_y2
-1.659708e-003 0 -1
4.940765e-001 -1.476240e-001 
1
2
13 8 11 4 0 -1
13 10 11 2 0 2
haar_y2
-2.100223e-002 0 -1
-6.930271e-001 6.918442e-002 
1
3
7 10 10 2 0 -1
7 10 5 1 0 2
12 11 5 1 0 2
haar_x2_y2
5.748960e-003 0 -1
1.220197e-001 -4.673580e-001 
1
2
8 3 12 5 0 -1
8 3 6 5 0 2
haar_x2
1.298214e-002 0 -1
7.095780e-002 -1.490208e-001 
1
2
4 3 12 5 0 -1
10 3 6 5 0 2
haar_x2
-8.050658e-002 0 -1
9.737488e-002 -6.971868e-001 
1
2
18 0 2 12 0 -1
18 4 2 4 0 3
haar_y3
-4.452997e-002 0 -1
8.990565e-002 -9.464080e-002 
1
2
0 2 9 6 0 -1
3 2 3 6 0 3
haar_x3
1.660304e-003 0 -1
1.664689e-001 -4.491172e-001 
1
2
12 0 9 3 0 -1
15 0 3 3 0 3
haar_x3
2.080534e-002 0 -1
6.658258e-002 -8.016000e-001 
1
2
8 1 5 3 0 -1
8 2 5 1 0 3
haar_y3
-1.276045e-002 0 -1
5.456973e-001 -1.441223e-001 
1
2
15 0 9 1 0 -1
18 0 3 1 0 3
haar_x3
5.848929e-004 0 -1
1.761446e-001 -2.874564e-001 
-1.043068e+000

65
-1
