22
1
2
6 4 12 6 0 -1
10 4 4 6 0 3
haar_x3
-1.139259e-001 0 -1
4.684666e-001 -5.391802e-001 
1
2
7 0 12 9 0 -1
7 3 12 3 0 3
haar_y3
-1.738282e-001 0 -1
4.704715e-001 -3.752346e-001 
1
2
2 8 12 4 0 -1
2 10 12 2 0 2
haar_y2
1.510993e-002 0 -1
-5.565185e-001 1.933898e-001 
1
2
11 6 9 2 0 -1
14 6 3 2 0 3
haar_x3
-3.221433e-002 0 -1
6.148946e-001 -8.384690e-002 
1
2
6 7 12 1 0 -1
10 7 4 1 0 3
haar_x3
-5.297723e-002 0 -1
5.736694e-001 -1.782061e-001 
1
2
20 4 4 5 0 -1
20 4 2 5 0 2
haar_x2
-8.221334e-003 0 -1
2.943851e-001 -3.259767e-001 
1
2
0 4 4 5 0 -1
2 4 2 5 0 2
haar_x2
-8.645991e-003 0 -1
2.153155e-001 -3.983828e-001 
1
2
10 5 4 3 0 -1
10 6 4 1 0 3
haar_y3
-1.882031e-002 0 -1
6.001465e-001 -1.345421e-001 
1
2
5 6 9 2 0 -1
8 6 3 2 0 3
haar_x3
5.330471e-002 0 -1
-1.401862e-001 6.037521e-001 
1
2
11 6 6 2 0 -1
13 6 2 2 0 3
haar_x3
-1.389544e-002 0 -1
3.182456e-001 -9.436421e-002 
1
2
5 6 9 2 0 -1
8 6 3 2 0 3
haar_x3
-2.826581e-002 0 -1
5.624311e-001 -1.514808e-001 
1
2
15 5 6 4 0 -1
17 5 2 4 0 3
haar_x3
4.654522e-002 0 -1
-1.798738e-002 3.415564e-001 
1
2
0 9 1 2 0 -1
0 10 1 1 0 2
haar_y2
9.688378e-005 0 -1
-3.397053e-001 2.244011e-001 
1
2
15 5 6 4 0 -1
17 5 2 4 0 3
haar_x3
-1.513898e-002 0 -1
2.286329e-001 -6.664504e-002 
1
2
3 5 6 4 0 -1
5 5 2 4 0 3
haar_x3
-8.258109e-003 0 -1
3.064683e-001 -2.625093e-001 
1
2
9 11 6 1 0 -1
11 11 2 1 0 3
haar_x3
-6.662140e-003 0 -1
-8.156559e-001 9.774171e-002 
1
3
7 4 2 2 0 -1
7 4 1 1 0 2
8 5 1 1 0 2
haar_x2_y2
-2.058224e-003 0 -1
4.330575e-001 -1.977276e-001 
1
3
16 10 2 2 0 -1
17 10 1 1 0 2
16 11 1 1 0 2
haar_x2_y2
1.081619e-003 0 -1
1.017029e-001 -6.932800e-001 
1
3
6 10 2 2 0 -1
6 10 1 1 0 2
7 11 1 1 0 2
haar_x2_y2
-5.888152e-004 0 -1
-5.466806e-001 1.154526e-001 
1
2
6 0 12 1 0 -1
10 0 4 1 0 3
haar_x3
-1.029564e-002 0 -1
-4.732833e-001 1.388411e-001 
1
3
7 4 2 2 0 -1
7 4 1 1 0 2
8 5 1 1 0 2
haar_x2_y2
3.156117e-003 0 -1
-1.303124e-001 5.664180e-001 
1
2
9 7 6 2 0 -1
11 7 2 2 0 3
haar_x3
-7.006096e-003 0 -1
2.225286e-001 -2.901044e-001 
-1.483978e+000

14
-1
