9
1
2
10 0 4 12 0 -1
10 4 4 4 0 3
haar_y3
-8.017674e-002 0 -1
6.162994e-001 -6.741249e-001 
1
2
6 7 12 1 0 -1
10 7 4 1 0 3
haar_x3
-3.141380e-002 0 -1
7.774370e-001 -4.210680e-001 
1
2
8 2 6 3 0 -1
8 3 6 1 0 3
haar_y3
-1.313026e-002 0 -1
8.074937e-001 -1.965705e-001 
1
2
10 3 7 3 0 -1
10 4 7 1 0 3
haar_y3
-1.485651e-002 0 -1
7.209782e-001 -2.321942e-001 
1
2
3 8 12 4 0 -1
3 10 12 2 0 2
haar_y2
1.731212e-002 0 -1
-5.283225e-001 3.366957e-001 
1
3
15 4 2 2 0 -1
16 4 1 1 0 2
15 5 1 1 0 2
haar_x2_y2
-1.509553e-003 0 -1
7.482870e-001 -2.137554e-001 
1
3
7 5 2 2 0 -1
7 5 1 1 0 2
8 6 1 1 0 2
haar_x2_y2
1.450075e-003 0 -1
-1.891070e-001 7.700009e-001 
1
3
15 5 2 2 0 -1
16 5 1 1 0 2
15 6 1 1 0 2
haar_x2_y2
-1.279231e-003 0 -1
7.600808e-001 -1.824663e-001 
1
3
7 5 2 2 0 -1
7 5 1 1 0 2
8 6 1 1 0 2
haar_x2_y2
-1.293879e-003 0 -1
7.504994e-001 -2.169965e-001 
-1.895497e+000

0
-1
