23
1
2
7 5 6 3 0 -1
9 5 2 3 0 3
haar_x3
-2.487061e-002 0 -1
6.050721e-001 -2.315961e-001 
1
2
0 3 24 5 0 -1
8 3 8 5 0 3
haar_x3
-2.201069e-001 0 -1
3.052025e-001 -3.917409e-001 
1
2
0 0 9 8 0 -1
3 0 3 8 0 3
haar_x3
-8.743916e-003 0 -1
1.793564e-001 -5.238466e-001 
1
2
15 0 9 4 0 -1
18 0 3 4 0 3
haar_x3
3.548861e-002 0 -1
1.075876e-001 -7.249483e-001 
1
2
0 0 9 4 0 -1
3 0 3 4 0 3
haar_x3
-4.250431e-002 0 -1
-7.096559e-001 1.445117e-001 
1
2
10 7 9 1 0 -1
13 7 3 1 0 3
haar_x3
-2.167546e-002 0 -1
4.894605e-001 -2.081989e-001 
1
2
1 10 6 1 0 -1
3 10 2 1 0 3
haar_x3
-6.064336e-003 0 -1
-7.550076e-001 9.604631e-002 
1
3
14 0 10 4 0 -1
19 0 5 2 0 2
14 2 5 2 0 2
haar_x2_y2
-1.814127e-002 0 -1
2.413600e-001 -2.230166e-001 
1
2
9 7 6 2 0 -1
11 7 2 2 0 3
haar_x3
-8.654417e-003 0 -1
1.887653e-001 -4.853987e-001 
1
2
15 10 1 2 0 -1
15 11 1 1 0 2
haar_y2
1.795812e-004 0 -1
-1.824954e-001 9.368408e-002 
1
2
0 4 4 8 0 -1
2 4 2 8 0 2
haar_x2
-1.364965e-002 0 -1
2.339450e-001 -3.301739e-001 
1
2
12 5 2 3 0 -1
12 6 2 1 0 3
haar_y3
-1.147233e-002 0 -1
5.620116e-001 -1.240308e-001 
1
2
5 0 12 2 0 -1
9 0 4 2 0 3
haar_x3
-2.553837e-002 0 -1
-5.592284e-001 1.422632e-001 
1
2
8 0 8 3 0 -1
8 1 8 1 0 3
haar_y3
-2.015047e-002 0 -1
6.189644e-001 -1.352879e-001 
1
2
8 11 6 1 0 -1
10 11 2 1 0 3
haar_x3
6.749536e-003 0 -1
1.022160e-001 -8.252062e-001 
1
3
15 4 2 2 0 -1
16 4 1 1 0 2
15 5 1 1 0 2
haar_x2_y2
-2.822022e-003 0 -1
4.797176e-001 -1.509056e-001 
1
3
7 4 2 2 0 -1
7 4 1 1 0 2
8 5 1 1 0 2
haar_x2_y2
3.202616e-003 0 -1
-1.316236e-001 5.578994e-001 
1
3
15 4 2 2 0 -1
16 4 1 1 0 2
15 5 1 1 0 2
haar_x2_y2
3.693187e-003 0 -1
-8.134514e-002 5.964495e-001 
1
3
7 4 2 2 0 -1
7 4 1 1 0 2
8 5 1 1 0 2
haar_x2_y2
-2.556413e-003 0 -1
5.162841e-001 -1.349279e-001 
1
2
16 1 8 4 0 -1
16 3 8 2 0 2
haar_y2
-9.124853e-003 0 -1
2.777763e-001 -4.729585e-001 
1
2
7 1 8 8 0 -1
11 1 4 8 0 2
haar_x2
-8.051233e-002 0 -1
2.923766e-001 -2.735231e-001 
1
2
23 6 1 6 0 -1
23 9 1 3 0 2
haar_y2
1.439862e-003 0 -1
-3.069698e-001 2.672467e-001 
1
2
4 10 9 2 0 -1
7 10 3 2 0 3
haar_x3
2.117827e-002 0 -1
9.215170e-002 -7.668454e-001 
-1.437477e+000

47
-1
