18
1
2
8 3 8 2 0 -1
8 4 8 1 0 2
haar_y2
-4.149450e-002 0 -1
2.112676e-001 -6.985473e-001 
1
2
15 4 3 5 0 -1
16 4 1 5 0 3
haar_x3
1.565461e-002 0 -1
-2.676108e-001 3.713265e-001 
1
2
6 2 12 9 0 -1
10 2 4 9 0 3
haar_x3
-2.265143e-001 0 -1
-9.637443e-001 1.368833e-001 
1
2
6 1 12 11 0 -1
10 1 4 11 0 3
haar_x3
-9.413173e-002 0 -1
3.072763e-001 -4.155093e-001 
1
2
6 4 3 4 0 -1
7 4 1 4 0 3
haar_x3
-2.406540e-003 0 -1
3.726837e-001 -2.980570e-001 
1
3
10 0 14 4 0 -1
17 0 7 2 0 2
10 2 7 2 0 2
haar_x2_y2
-2.673331e-002 0 -1
2.272570e-001 -3.075740e-001 
1
2
5 7 2 1 0 -1
6 7 1 1 0 2
haar_x2
6.434739e-004 0 -1
-3.002770e-001 2.496111e-001 
1
2
21 9 1 2 0 -1
21 10 1 1 0 2
haar_y2
1.779513e-004 0 -1
-3.208602e-001 2.124902e-001 
1
3
8 5 6 2 0 -1
8 5 3 1 0 2
11 6 3 1 0 2
haar_x2_y2
-1.589236e-002 0 -1
5.494716e-001 -1.360869e-001 
1
2
16 9 8 2 0 -1
16 10 8 1 0 2
haar_y2
2.117488e-003 0 -1
-1.975569e-001 1.039663e-001 
1
2
0 9 7 2 0 -1
0 10 7 1 0 2
haar_y2
2.435532e-003 0 -1
-4.023176e-001 1.886442e-001 
1
2
10 6 9 1 0 -1
13 6 3 1 0 3
haar_x3
-2.506892e-002 0 -1
4.198292e-001 -1.144067e-001 
1
2
5 6 9 1 0 -1
8 6 3 1 0 3
haar_x3
-1.430981e-002 0 -1
5.331718e-001 -2.116535e-001 
1
2
14 9 6 3 0 -1
16 9 2 3 0 3
haar_x3
-1.489687e-002 0 -1
-5.858678e-001 7.617978e-002 
1
2
3 4 6 4 0 -1
5 4 2 4 0 3
haar_x3
-1.481240e-002 0 -1
3.660930e-001 -2.045438e-001 
1
2
20 10 1 2 0 -1
20 11 1 1 0 2
haar_y2
2.573534e-003 0 -1
6.533410e-002 -6.574158e-001 
1
2
4 9 6 3 0 -1
6 9 2 3 0 3
haar_x3
1.411808e-002 0 -1
7.918774e-002 -8.048751e-001 
1
2
9 7 6 2 0 -1
11 7 2 2 0 3
haar_x3
-1.242720e-003 0 -1
1.005179e-001 -5.916820e-001 
-1.773448e+000

57
71
