45
1
2
5 13 24 3 0 -1
11 13 12 3 0 2
haar_x4
-1.899357e-003 0 -1
2.131370e-001 -4.337685e-001 
1
2
7 2 28 14 0 -1
14 2 14 14 0 2
haar_x4
2.745587e-003 0 -1
-6.750178e-001 1.113997e-001 
1
2
5 4 21 12 0 -1
12 8 7 4 0 9
haar_point
6.940023e-003 0 -1
-4.494703e-001 1.532945e-001 
1
2
17 6 6 9 0 -1
19 6 2 9 0 3
haar_x3
-1.740662e-003 0 -1
1.650655e-001 -2.983390e-001 
1
2
12 5 6 10 0 -1
14 5 2 10 0 3
haar_x3
-1.189351e-004 0 -1
1.341493e-001 -4.443470e-001 
1
2
12 5 16 8 0 -1
12 7 16 4 0 2
haar_y4
-3.815888e-003 0 -1
1.088962e-001 -4.267187e-001 
1
3
5 2 6 14 0 -1
5 2 3 7 0 2
8 9 3 7 0 2
haar_x2_y2
-2.670022e-003 0 -1
-3.628310e-001 1.371262e-001 
1
2
14 0 18 3 0 -1
20 0 6 3 0 3
haar_x3
-3.674654e-004 0 -1
-3.496529e-001 1.747646e-001 
1
2
6 0 15 4 0 -1
11 0 5 4 0 3
haar_x3
1.612519e-003 0 -1
-2.941387e-001 1.757516e-001 
1
3
18 4 12 6 0 -1
24 4 6 3 0 2
18 7 6 3 0 2
haar_x2_y2
1.821013e-003 0 -1
-2.287788e-001 6.881523e-002 
1
2
6 0 3 12 0 -1
6 6 3 6 0 2
haar_y2
1.079896e-003 0 -1
1.371428e-001 -3.478940e-001 
1
2
32 1 3 14 0 -1
32 8 3 7 0 2
haar_y2
-5.715934e-003 0 -1
-7.814933e-001 1.113728e-001 
1
2
6 3 9 6 0 -1
6 5 9 2 0 3
haar_y3
6.456738e-003 0 -1
-1.865947e-001 2.485855e-001 
1
2
7 0 21 9 0 -1
14 3 7 3 0 9
haar_point
-1.923069e-002 0 -1
-6.605920e-001 7.837308e-002 
1
2
12 1 6 9 0 -1
12 4 6 3 0 3
haar_y3
-1.937903e-003 0 -1
1.005700e-001 -3.901167e-001 
1
2
13 10 13 6 0 -1
13 12 13 2 0 3
haar_y3
-2.351322e-002 0 -1
-9.342905e-001 2.121531e-002 
1
2
5 7 9 6 0 -1
8 7 3 6 0 3
haar_x3
-9.833998e-004 0 -1
1.361822e-001 -2.827341e-001 
1
2
19 0 6 9 0 -1
21 0 2 9 0 3
haar_x3
1.202393e-003 0 -1
9.487683e-002 -2.870748e-001 
1
2
10 0 6 9 0 -1
12 0 2 9 0 3
haar_x3
1.078556e-004 0 -1
1.267158e-001 -3.045238e-001 
1
2
26 9 9 6 0 -1
26 11 9 2 0 3
haar_y3
4.328790e-002 0 -1
2.324291e-002 -8.951011e-001 
1
2
0 9 9 6 0 -1
0 11 9 2 0 3
haar_y3
-1.347745e-004 0 -1
-2.786505e-001 1.419862e-001 
1
2
18 0 6 9 0 -1
20 0 2 9 0 3
haar_x3
-2.908251e-002 0 -1
-6.127986e-001 2.081797e-002 
1
2
14 4 6 10 0 -1
17 4 3 10 0 2
haar_x2
5.471659e-002 0 -1
-7.731239e-002 4.768778e-001 
1
2
18 0 6 9 0 -1
20 0 2 9 0 3
haar_x3
7.285644e-003 0 -1
4.132083e-002 -2.156361e-001 
1
2
6 0 12 7 0 -1
9 0 6 7 0 2
haar_x4
-5.679831e-002 0 -1
-7.121686e-001 5.126517e-002 
1
3
5 0 30 8 0 -1
20 0 15 4 0 2
5 4 15 4 0 2
haar_x2_y2
2.771146e-002 0 -1
3.699689e-002 -3.223392e-001 
1
3
0 0 30 8 0 -1
0 0 15 4 0 2
15 4 15 4 0 2
haar_x2_y2
6.837016e-003 0 -1
1.321330e-001 -3.607194e-001 
1
2
18 10 9 6 0 -1
18 13 9 3 0 2
haar_y2
5.624785e-005 0 -1
-4.339846e-001 7.235873e-002 
1
2
0 10 16 6 0 -1
4 10 8 6 0 2
haar_x4
3.667701e-002 0 -1
-9.224084e-002 4.350239e-001 
1
2
20 5 10 6 0 -1
20 7 10 2 0 3
haar_y3
-7.727960e-003 0 -1
1.286933e-001 -1.674662e-001 
1
2
5 5 10 6 0 -1
5 7 10 2 0 3
haar_y3
5.929329e-003 0 -1
-7.608179e-002 5.295932e-001 
1
2
2 2 32 5 0 -1
2 2 16 5 0 2
haar_x2
-1.054731e-002 0 -1
-2.897404e-001 1.399471e-001 
1
2
0 0 3 16 0 -1
0 8 3 8 0 2
haar_y2
-2.088244e-003 0 -1
-4.086235e-001 9.649891e-002 
1
2
19 1 8 5 0 -1
19 1 4 5 0 2
tilted_haar_y2
-3.814206e-003 0 -1
-4.131303e-001 4.370759e-002 
1
2
0 10 9 6 0 -1
0 12 9 2 0 3
haar_y3
3.031678e-002 0 -1
3.994042e-002 -6.885300e-001 
1
2
22 4 9 6 0 -1
22 6 9 2 0 3
haar_y3
4.145291e-002 0 -1
-5.021972e-002 6.379766e-001 
1
3
10 10 14 6 0 -1
10 10 7 3 0 2
17 13 7 3 0 2
haar_x2_y2
3.698507e-003 0 -1
8.960494e-002 -3.436382e-001 
1
2
8 8 24 8 0 -1
8 8 12 8 0 2
haar_x2
2.148509e-001 0 -1
1.077933e-002 -6.127286e-001 
1
2
9 0 16 4 0 -1
9 2 16 2 0 2
haar_y2
-4.508547e-002 0 -1
3.653976e-001 -8.248299e-002 
1
2
13 10 13 6 0 -1
13 12 13 2 0 3
haar_y3
-1.690772e-002 0 -1
-6.279862e-001 1.977909e-002 
1
2
11 1 6 9 0 -1
13 1 2 9 0 3
haar_x3
-2.959801e-002 0 -1
-7.462138e-001 3.786435e-002 
1
2
18 1 6 9 0 -1
15 4 6 3 0 3
tilted_haar_x3
-1.123831e-001 0 -1
6.967231e-001 -1.321281e-002 
1
2
17 1 9 6 0 -1
20 4 3 6 0 3
tilted_haar_x3
-4.373264e-003 0 -1
-3.790447e-001 9.221818e-002 
1
2
15 2 8 8 0 -1
15 2 4 8 0 2
haar_x2
-7.311393e-002 0 -1
1.000000e+000 -1.477790e-002 
1
2
12 2 8 8 0 -1
16 2 4 8 0 2
haar_x2
-3.649903e-003 0 -1
6.910418e-001 -4.397214e-002 
-1.343874e+000
