6
1
2
4 7 9 1 0 -1
7 7 3 1 0 3
haar_x3
3.003340e-002 0 -1
-7.536047e-001 5.130188e-001 
1
2
19 9 1 2 0 -1
19 10 1 1 0 2
haar_y2
1.782042e-004 0 -1
-5.809094e-001 2.312731e-001 
1
2
4 9 1 2 0 -1
4 10 1 1 0 2
haar_y2
1.732621e-004 0 -1
-5.830358e-001 3.355604e-001 
1
2
7 1 10 6 0 -1
7 3 10 2 0 3
haar_y3
-8.394253e-002 0 -1
5.613949e-001 -3.111872e-001 
1
2
6 6 12 1 0 -1
10 6 4 1 0 3
haar_x3
-3.542782e-002 0 -1
6.050849e-001 -2.095215e-001 
1
2
0 6 24 6 0 -1
8 6 8 6 0 3
haar_x3
-2.257179e-001 0 -1
-9.881601e-001 1.528676e-001 
-1.473209e+000

2
4
