7
1
2
3 4 18 6 0 -1
9 4 6 6 0 3
haar_x3
-2.933783e-001 0 -1
-5.634759e-002 -9.753376e-001 
1
2
6 1 12 6 0 -1
6 3 12 2 0 3
haar_y3
-1.404195e-001 0 -1
4.194281e-001 -5.680875e-001 
1
2
6 6 12 4 0 -1
10 6 4 4 0 3
haar_x3
-1.430785e-001 0 -1
3.318903e-001 -7.413156e-001 
1
2
17 6 2 2 0 -1
17 6 1 2 0 2
haar_x2
1.740562e-003 0 -1
-4.543908e-001 3.934139e-001 
1
2
5 6 2 2 0 -1
6 6 1 2 0 2
haar_x2
1.771130e-003 0 -1
-5.559589e-001 3.107144e-001 
1
2
16 1 8 4 0 -1
16 3 8 2 0 2
haar_y2
-1.001322e-002 0 -1
2.756799e-001 -6.453865e-001 
1
2
3 4 18 6 0 -1
9 4 6 6 0 3
haar_x3
-2.867888e-001 0 -1
1.885599e-001 -9.891692e-001 
-1.911861e+000

73
89
