10
1
2
6 6 12 6 0 -1
10 6 4 6 0 3
haar_x3
-1.554814e-001 0 -1
-1.483077e-001 -9.195760e-001 
1
2
6 4 12 2 0 -1
6 5 12 1 0 2
haar_y2
1.500335e-002 0 -1
-4.861424e-001 4.680927e-001 
1
2
6 5 12 7 0 -1
10 5 4 7 0 3
haar_x3
-1.528516e-001 0 -1
1.662981e-001 -9.418616e-001 
1
3
16 6 4 6 0 -1
18 6 2 3 0 2
16 9 2 3 0 2
haar_x2_y2
-8.951870e-003 0 -1
3.020815e-001 -4.786031e-001 
1
3
4 6 4 6 0 -1
4 6 2 3 0 2
6 9 2 3 0 2
haar_x2_y2
-1.379466e-002 0 -1
3.039007e-001 -3.830551e-001 
1
2
10 0 5 9 0 -1
10 3 5 3 0 3
haar_y3
-3.096865e-002 0 -1
2.845668e-001 -4.167360e-001 
1
2
9 11 6 1 0 -1
11 11 2 1 0 3
haar_x3
-8.681700e-003 0 -1
-9.719366e-001 1.000055e-001 
1
2
21 2 2 8 0 -1
21 2 1 8 0 2
haar_x2
-4.438349e-003 0 -1
2.905599e-001 -3.612365e-001 
1
2
0 2 4 8 0 -1
2 2 2 8 0 2
haar_x2
-1.464665e-002 0 -1
2.664758e-001 -4.031191e-001 
1
2
10 6 4 6 0 -1
10 9 4 3 0 2
haar_y2
2.269530e-002 0 -1
-8.365600e-001 1.246989e-001 
-1.725737e+000

74
91
