8
1
2
8 4 8 3 0 -1
8 5 8 1 0 3
haar_y3
3.734798e-002 0 -1
-7.528697e-001 3.799177e-002 
1
2
0 3 24 5 0 -1
8 3 8 5 0 3
haar_x3
-3.388833e-001 0 -1
-9.809302e-001 4.457864e-002 
1
2
0 8 1 4 0 -1
0 10 1 2 0 2
haar_y2
2.083656e-004 0 -1
-4.640413e-001 1.632930e-001 
1
2
8 7 8 2 0 -1
8 7 4 2 0 2
haar_x2
4.268207e-002 0 -1
-1.257487e-001 6.921484e-001 
1
2
8 0 5 3 0 -1
8 1 5 1 0 3
haar_y3
-1.115402e-002 0 -1
5.787275e-001 -1.459162e-001 
1
2
9 1 7 3 0 -1
9 2 7 1 0 3
haar_y3
-1.495458e-002 0 -1
4.828458e-001 -1.779335e-001 
1
2
0 3 24 5 0 -1
8 3 8 5 0 3
haar_x3
-1.465243e-001 0 -1
1.823094e-001 -4.924417e-001 
1
2
0 3 24 5 0 -1
8 3 8 5 0 3
haar_x3
-3.539060e-001 0 -1
-1.000000e+000 1.089889e-001 
-1.378049e+000

81
-1
