8
1
2
6 1 12 6 0 -1
6 3 12 2 0 3
haar_y3
-8.965744e-002 0 -1
3.171875e-001 -8.334529e-001 
1
2
8 3 16 2 0 -1
8 3 8 2 0 2
haar_x2
-2.781029e-002 0 -1
2.137632e-002 -5.658617e-001 
1
2
0 3 16 2 0 -1
8 3 8 2 0 2
haar_x2
-2.147637e-002 0 -1
2.922988e-001 -8.726995e-001 
1
2
6 7 12 1 0 -1
10 7 4 1 0 3
haar_x3
-5.437652e-002 0 -1
5.225413e-001 -3.752216e-001 
1
2
2 1 5 4 0 -1
2 3 5 2 0 2
haar_y2
-7.272005e-003 0 -1
2.296717e-001 -4.128118e-001 
1
3
2 1 22 4 0 -1
13 1 11 2 0 2
2 3 11 2 0 2
haar_x2_y2
-5.359169e-002 0 -1
-4.871427e-001 1.600816e-001 
1
3
7 5 2 2 0 -1
7 5 1 1 0 2
8 6 1 1 0 2
haar_x2_y2
-2.632016e-003 0 -1
4.844670e-001 -1.935587e-001 
1
3
6 3 18 6 0 -1
15 3 9 3 0 2
6 6 9 3 0 2
haar_x2_y2
-7.256844e-002 0 -1
2.364150e-001 -1.055893e-001 
-1.536600e+000

49
-1
