24
1
2
6 1 12 6 0 -1
6 3 12 2 0 3
haar_y3
-9.651314e-002 0 -1
5.277936e-001 -2.461699e-001 
1
2
6 6 12 6 0 -1
10 6 4 6 0 3
haar_x3
-6.865301e-002 0 -1
2.468938e-001 -5.951220e-001 
1
2
2 6 2 6 0 -1
2 9 2 3 0 2
haar_y2
1.081313e-002 0 -1
-4.062136e-001 2.133598e-001 
1
2
14 7 3 1 0 -1
15 7 1 1 0 3
haar_x3
3.708006e-003 0 -1
-1.252135e-001 5.116566e-001 
1
2
3 5 6 3 0 -1
5 5 2 3 0 3
haar_x3
-1.027125e-002 0 -1
2.955542e-001 -2.590781e-001 
1
2
9 4 7 8 0 -1
9 8 7 4 0 2
haar_y2
5.078276e-002 0 -1
-5.966131e-001 1.372368e-001 
1
2
7 0 9 2 0 -1
10 0 3 2 0 3
haar_x3
-1.917552e-002 0 -1
-6.704394e-001 1.049455e-001 
1
2
15 1 3 3 0 -1
15 2 3 1 0 3
haar_y3
-5.829255e-003 0 -1
3.765815e-001 -1.336938e-001 
1
2
6 1 3 3 0 -1
6 2 3 1 0 3
haar_y3
-7.862413e-003 0 -1
4.587231e-001 -1.542137e-001 
1
2
14 7 2 1 0 -1
14 7 1 1 0 2
haar_x2
1.170593e-003 0 -1
-6.881271e-002 4.686406e-001 
1
2
7 7 4 1 0 -1
9 7 2 1 0 2
haar_x2
-1.457599e-002 0 -1
4.956434e-001 -1.382311e-001 
1
2
15 5 3 3 0 -1
16 5 1 3 0 3
haar_x3
8.889705e-003 0 -1
-1.979063e-001 4.475333e-001 
1
2
6 5 3 3 0 -1
7 5 1 3 0 3
haar_x3
-3.063506e-003 0 -1
4.459672e-001 -1.759322e-001 
1
2
13 0 6 6 0 -1
13 0 3 6 0 2
haar_x2
2.575726e-002 0 -1
7.703566e-002 -6.200267e-001 
1
2
5 0 6 6 0 -1
8 0 3 6 0 2
haar_x2
2.001970e-002 0 -1
1.004949e-001 -6.039376e-001 
1
2
11 10 6 1 0 -1
13 10 2 1 0 3
haar_x3
-7.572234e-003 0 -1
-7.656642e-001 4.228448e-002 
1
2
1 7 2 1 0 -1
2 7 1 1 0 2
haar_x2
-7.182062e-004 0 -1
2.017017e-001 -2.979774e-001 
1
2
17 4 1 6 0 -1
17 6 1 2 0 3
haar_y3
6.775357e-003 0 -1
-2.108463e-001 4.390872e-001 
1
3
0 7 24 4 0 -1
0 7 12 2 0 2
12 9 12 2 0 2
haar_x2_y2
2.957089e-002 0 -1
-1.953835e-001 3.660449e-001 
1
2
18 9 2 3 0 -1
18 10 2 1 0 3
haar_y3
-2.770466e-003 0 -1
-3.354488e-001 5.119941e-002 
1
2
4 9 2 3 0 -1
4 10 2 1 0 3
haar_y3
-1.481304e-003 0 -1
-5.989806e-001 1.043239e-001 
1
3
15 5 2 2 0 -1
16 5 1 1 0 2
15 6 1 1 0 2
haar_x2_y2
-3.814220e-003 0 -1
5.425185e-001 -1.155485e-001 
1
3
7 5 2 2 0 -1
7 5 1 1 0 2
8 6 1 1 0 2
haar_x2_y2
-4.249310e-003 0 -1
6.508529e-001 -8.942165e-002 
1
2
2 1 22 11 0 -1
2 1 11 11 0 2
haar_x2
4.676743e-001 0 -1
-4.513387e-002 5.551851e-001 
-1.221638e+000

84
-1
