11
1
3
0 0 16 6 0 -1
0 0 8 3 0 2
8 3 8 3 0 2
haar_x2_y2
-3.731864e-003 0 -1
3.226096e-001 -6.772877e-001 
1
2
20 3 6 6 0 -1
20 3 3 6 0 2
tilted_haar_y2
-3.884261e-003 0 -1
-6.615633e-001 2.735618e-001 
1
2
5 2 16 14 0 -1
5 9 16 7 0 2
haar_y2
-1.080318e-002 0 -1
-8.458164e-001 1.698448e-001 
1
2
22 1 6 8 0 -1
22 1 3 8 0 2
tilted_haar_y2
-1.440870e-002 0 -1
-6.435900e-001 7.503428e-002 
1
2
14 7 4 9 0 -1
16 7 2 9 0 2
haar_x2
2.470923e-003 0 -1
-6.647058e-001 2.427261e-001 
1
3
12 10 20 4 0 -1
22 10 10 2 0 2
12 12 10 2 0 2
haar_x2_y2
6.362507e-004 0 -1
2.260015e-001 -6.470362e-001 
1
2
5 10 13 4 0 -1
5 12 13 2 0 2
haar_y2
3.645364e-005 0 -1
-8.844599e-001 1.749283e-001 
1
3
21 0 14 12 0 -1
28 0 7 6 0 2
21 6 7 6 0 2
haar_x2_y2
7.279369e-004 0 -1
1.320150e-001 -5.637622e-001 
1
3
7 8 12 8 0 -1
7 8 6 4 0 2
13 12 6 4 0 2
haar_x2_y2
-6.912040e-003 0 -1
2.422304e-001 -5.119091e-001 
1
2
13 2 9 4 0 -1
13 4 9 2 0 2
haar_y2
-1.317498e-004 0 -1
1.998375e-001 -6.147184e-001 
1
2
12 9 11 4 0 -1
12 11 11 2 0 2
haar_y2
-2.403840e-003 0 -1
-8.485996e-001 1.338650e-001 
-1.419703e+000
