9
1
3
3 1 6 8 0 -1
3 1 3 4 0 2
6 5 3 4 0 2
haar_x2_y2
1.214129e-002 0 -1
-6.053892e-001 3.453074e-001 
1
2
8 4 8 8 0 -1
8 8 8 4 0 2
haar_y2
5.702204e-002 0 -1
-7.547185e-001 1.887815e-001 
1
2
6 4 1 6 0 -1
6 6 1 2 0 3
haar_y3
6.716891e-003 0 -1
-3.409102e-001 4.229983e-001 
1
2
20 1 4 7 0 -1
20 1 2 7 0 2
haar_x2
4.083048e-003 0 -1
2.058139e-001 -7.259417e-001 
1
2
4 10 9 1 0 -1
7 10 3 1 0 3
haar_x3
9.115530e-003 0 -1
1.618064e-001 -7.513795e-001 
1
2
20 2 4 7 0 -1
20 2 2 7 0 2
haar_x2
-1.061965e-002 0 -1
9.922610e-002 -2.814084e-001 
1
2
0 6 4 2 0 -1
2 6 2 2 0 2
haar_x2
-2.912399e-003 0 -1
2.822069e-001 -4.209036e-001 
1
2
10 4 4 3 0 -1
10 5 4 1 0 3
haar_y3
2.550554e-002 0 -1
-1.566592e-001 7.142176e-001 
1
2
7 0 9 1 0 -1
10 0 3 1 0 3
haar_x3
-1.024811e-002 0 -1
-6.739731e-001 1.583529e-001 
-1.090516e+000

71
-1
