23
1
2
6 6 12 4 0 -1
10 6 4 4 0 3
haar_x3
-1.281127e-001 0 -1
4.994858e-001 -3.940966e-001 
1
2
8 3 9 8 0 -1
8 7 9 4 0 2
haar_y2
5.930305e-002 0 -1
-5.071034e-001 1.786358e-001 
1
3
8 7 2 2 0 -1
8 7 1 1 0 2
9 8 1 1 0 2
haar_x2_y2
2.913566e-003 0 -1
-1.707999e-001 5.006928e-001 
1
2
21 6 2 2 0 -1
21 6 1 2 0 2
haar_x2
-1.138494e-003 0 -1
3.103012e-001 -2.994667e-001 
1
2
1 6 2 2 0 -1
2 6 1 2 0 2
haar_x2
-6.820200e-004 0 -1
1.519023e-001 -4.506223e-001 
1
2
6 5 12 5 0 -1
10 5 4 5 0 3
haar_x3
-6.604338e-002 0 -1
2.106062e-001 -4.552051e-001 
1
2
7 3 9 3 0 -1
7 4 9 1 0 3
haar_y3
-4.565980e-002 0 -1
4.600076e-001 -2.067513e-001 
1
3
15 8 2 2 0 -1
16 8 1 1 0 2
15 9 1 1 0 2
haar_x2_y2
2.499653e-003 0 -1
-9.740744e-002 4.804928e-001 
1
2
8 2 8 3 0 -1
8 3 8 1 0 3
haar_y3
-3.742989e-002 0 -1
4.994154e-001 -1.488938e-001 
1
3
21 10 2 2 0 -1
22 10 1 1 0 2
21 11 1 1 0 2
haar_x2_y2
1.081626e-003 0 -1
5.352255e-002 -4.940158e-001 
1
3
7 8 2 2 0 -1
7 8 1 1 0 2
8 9 1 1 0 2
haar_x2_y2
-1.972728e-003 0 -1
5.176187e-001 -1.542694e-001 
1
2
14 7 3 1 0 -1
15 7 1 1 0 3
haar_x3
3.646733e-003 0 -1
-1.347737e-001 5.035987e-001 
1
2
7 7 3 1 0 -1
8 7 1 1 0 3
haar_x3
-1.801741e-003 0 -1
5.106322e-001 -1.414505e-001 
1
3
21 10 2 2 0 -1
22 10 1 1 0 2
21 11 1 1 0 2
haar_x2_y2
-1.430881e-003 0 -1
-6.023553e-001 8.072002e-002 
1
3
1 10 2 2 0 -1
1 10 1 1 0 2
2 11 1 1 0 2
haar_x2_y2
1.230574e-003 0 -1
8.904688e-002 -7.590000e-001 
1
2
17 2 2 9 0 -1
17 5 2 3 0 3
haar_y3
5.454079e-002 0 -1
-7.248768e-002 4.955371e-001 
1
2
8 10 6 1 0 -1
10 10 2 1 0 3
haar_x3
-7.091111e-003 0 -1
-8.156369e-001 8.222357e-002 
1
2
9 11 9 1 0 -1
12 11 3 1 0 3
haar_x3
-1.613569e-002 0 -1
-8.550266e-001 2.234018e-002 
1
2
8 6 8 4 0 -1
12 6 4 4 0 2
haar_x2
-8.718202e-002 0 -1
6.177039e-001 -1.033272e-001 
1
2
10 0 5 3 0 -1
10 1 5 1 0 3
haar_y3
-8.417993e-003 0 -1
4.433132e-001 -1.234228e-001 
1
2
7 1 10 3 0 -1
7 2 10 1 0 3
haar_y3
-2.094398e-002 0 -1
5.610704e-001 -1.005923e-001 
1
2
17 2 2 9 0 -1
17 5 2 3 0 3
haar_y3
-5.903084e-002 0 -1
3.760380e-001 -3.583613e-002 
1
2
5 2 1 9 0 -1
5 5 1 3 0 3
haar_y3
-2.992109e-002 0 -1
5.065469e-001 -1.262510e-001 
-1.399734e+000

70
-1
