17
1
2
5 0 12 9 0 -1
5 3 12 3 0 3
haar_y3
-1.372972e-001 0 -1
5.279478e-001 -4.566587e-001 
1
3
15 6 4 6 0 -1
17 6 2 3 0 2
15 9 2 3 0 2
haar_x2_y2
1.339808e-002 0 -1
-1.638662e-001 4.178797e-001 
1
3
5 6 4 6 0 -1
5 6 2 3 0 2
7 9 2 3 0 2
haar_x2_y2
-8.862687e-003 0 -1
5.123571e-001 -4.437784e-001 
1
2
9 0 8 9 0 -1
9 0 4 9 0 2
haar_x2
-1.521325e-001 0 -1
-7.852653e-001 1.989758e-002 
1
2
7 3 8 4 0 -1
11 3 4 4 0 2
haar_x2
-2.736719e-002 0 -1
1.712719e-001 -6.906074e-001 
1
2
11 0 9 2 0 -1
14 0 3 2 0 3
haar_x3
-1.984777e-002 0 -1
-6.724120e-001 1.392654e-001 
1
2
0 0 6 6 0 -1
0 3 6 3 0 2
haar_y2
-7.911170e-003 0 -1
2.338398e-001 -5.018839e-001 
1
2
13 7 4 1 0 -1
13 7 2 1 0 2
haar_x2
-1.211612e-002 0 -1
4.321021e-001 -2.248631e-001 
1
2
9 0 6 2 0 -1
11 0 2 2 0 3
haar_x3
-8.563925e-003 0 -1
-6.799101e-001 1.881868e-001 
1
2
15 0 9 10 0 -1
18 0 3 10 0 3
haar_x3
-9.363582e-003 0 -1
1.650434e-001 -3.704468e-001 
1
2
0 0 9 10 0 -1
3 0 3 10 0 3
haar_x3
1.758154e-002 0 -1
2.172070e-001 -5.657598e-001 
1
2
16 6 1 3 0 -1
16 7 1 1 0 3
haar_y3
-1.453517e-003 0 -1
1.821803e-001 -1.095156e-001 
1
2
9 11 6 1 0 -1
12 11 3 1 0 2
haar_x2
3.794270e-003 0 -1
1.378521e-001 -6.914776e-001 
1
3
10 4 14 2 0 -1
17 4 7 1 0 2
10 5 7 1 0 2
haar_x2_y2
8.989342e-003 0 -1
-1.325922e-001 3.708045e-001 
1
2
7 7 2 1 0 -1
8 7 1 1 0 2
haar_x2
1.009825e-003 0 -1
-1.728486e-001 5.123595e-001 
1
2
10 10 12 2 0 -1
14 10 4 2 0 3
haar_x3
3.735715e-002 0 -1
8.299897e-002 -9.386396e-001 
1
2
9 6 1 3 0 -1
9 7 1 1 0 3
haar_y3
-2.464008e-003 0 -1
4.115338e-001 -2.497369e-001 
-1.427626e+000

23
-1
