45
1
2
0 0 4 16 0 -1
2 0 2 16 0 2
haar_x2
1.011930e-002 0 -1
-2.023222e-001 4.445330e-001 
1
2
15 1 6 9 0 -1
17 1 2 9 0 3
haar_x3
3.677998e-003 0 -1
-6.251000e-001 1.371408e-001 
1
2
11 1 9 6 0 -1
14 1 3 6 0 3
haar_x3
-2.192445e-003 0 -1
-5.699061e-001 1.067446e-001 
1
2
21 5 9 4 0 -1
21 7 9 2 0 2
haar_y2
-2.920222e-003 0 -1
2.456797e-001 -2.870011e-001 
1
2
6 7 9 6 0 -1
6 9 9 2 0 3
haar_y3
7.417791e-006 0 -1
-2.217509e-001 2.762128e-001 
1
2
13 2 9 6 0 -1
13 4 9 2 0 3
haar_y3
1.431660e-003 0 -1
9.065599e-002 -5.532086e-001 
1
3
5 10 18 4 0 -1
5 10 9 2 0 2
14 12 9 2 0 2
haar_x2_y2
-7.374914e-006 0 -1
9.834050e-002 -5.570559e-001 
1
2
17 6 5 10 0 -1
17 11 5 5 0 2
haar_y2
-4.933287e-003 0 -1
-4.651069e-001 1.138270e-002 
1
3
0 0 26 8 0 -1
0 0 13 4 0 2
13 4 13 4 0 2
haar_x2_y2
5.664430e-003 0 -1
1.057863e-001 -4.629634e-001 
1
3
15 0 12 6 0 -1
21 0 6 3 0 2
15 3 6 3 0 2
haar_x2_y2
2.138487e-003 0 -1
-4.095477e-001 2.203072e-001 
1
2
0 12 10 4 0 -1
0 14 10 2 0 2
haar_y2
-1.696987e-003 0 -1
-4.683495e-001 1.014518e-001 
1
2
21 5 9 4 0 -1
21 7 9 2 0 2
haar_y2
-3.288984e-002 0 -1
6.092429e-001 -3.718121e-002 
1
3
7 8 18 4 0 -1
7 8 9 2 0 2
16 10 9 2 0 2
haar_x2_y2
-8.130365e-004 0 -1
1.481054e-001 -3.283059e-001 
1
3
16 1 6 12 0 -1
19 1 3 6 0 2
16 7 3 6 0 2
haar_x2_y2
-4.141996e-003 0 -1
-2.681118e-001 7.678650e-002 
1
2
3 4 9 6 0 -1
3 6 9 2 0 3
haar_y3
2.009843e-003 0 -1
-1.723314e-001 2.964273e-001 
1
2
29 0 6 12 0 -1
29 3 6 6 0 2
haar_y4
-3.225400e-002 0 -1
-3.569583e-001 8.510659e-002 
1
2
11 0 5 8 0 -1
11 4 5 4 0 2
haar_y2
-5.417776e-002 0 -1
4.281793e-001 -1.225988e-001 
1
2
18 1 3 12 0 -1
18 1 3 6 0 2
tilted_haar_x2
2.530469e-002 0 -1
6.761881e-002 -3.107691e-001 
1
2
17 3 5 8 0 -1
17 3 5 4 0 2
tilted_haar_y2
-5.087777e-003 0 -1
-3.984562e-001 1.175806e-001 
1
2
11 9 13 6 0 -1
11 11 13 2 0 3
haar_y3
-1.368032e-003 0 -1
-4.131311e-001 1.085856e-001 
1
2
6 0 16 4 0 -1
6 2 16 2 0 2
haar_y2
-9.969344e-003 0 -1
2.006022e-001 -2.126468e-001 
1
2
19 0 2 10 0 -1
19 0 1 10 0 2
tilted_haar_y2
1.173304e-003 0 -1
6.514902e-002 -2.068571e-001 
1
2
0 4 4 12 0 -1
0 10 4 6 0 2
haar_y2
-9.413333e-004 0 -1
-5.138966e-001 8.491298e-002 
1
3
1 4 34 12 0 -1
18 4 17 6 0 2
1 10 17 6 0 2
haar_x2_y2
2.602661e-002 0 -1
1.201672e-001 -3.847664e-001 
1
2
4 7 11 4 0 -1
4 9 11 2 0 2
haar_y2
3.118271e-002 0 -1
-9.478202e-002 4.719598e-001 
1
2
8 9 20 7 0 -1
13 9 10 7 0 2
haar_x4
5.382678e-004 0 -1
2.843958e-001 -1.304960e-001 
1
3
12 0 8 16 0 -1
12 0 4 8 0 2
16 8 4 8 0 2
haar_x2_y2
-7.485550e-003 0 -1
-3.074608e-001 1.318305e-001 
1
2
10 11 15 4 0 -1
10 13 15 2 0 2
haar_y2
7.350487e-005 0 -1
-4.027338e-001 8.743044e-002 
1
2
13 2 12 2 0 -1
13 2 12 1 0 2
tilted_haar_y2
1.279998e-002 0 -1
-8.600471e-002 4.185663e-001 
1
2
4 4 28 12 0 -1
11 4 14 12 0 2
haar_x4
-2.753357e-003 0 -1
-3.348509e-001 1.057450e-001 
1
2
5 5 9 4 0 -1
5 7 9 2 0 2
haar_y2
-2.803771e-003 0 -1
1.719712e-001 -1.979580e-001 
1
2
21 2 6 8 0 -1
21 2 3 8 0 2
tilted_haar_y2
8.683007e-002 0 -1
9.751619e-003 -7.481169e-001 
1
2
4 5 9 6 0 -1
4 7 9 2 0 3
haar_y3
4.516545e-003 0 -1
-7.796618e-002 4.952025e-001 
1
2
19 4 6 6 0 -1
19 4 3 6 0 2
tilted_haar_y2
-4.020647e-003 0 -1
-1.484205e-001 1.170098e-001 
1
2
13 2 6 9 0 -1
13 5 6 3 0 3
haar_y3
-9.753334e-004 0 -1
1.082177e-001 -3.711431e-001 
1
2
23 10 6 6 0 -1
23 10 3 6 0 2
haar_x2
-2.028445e-002 0 -1
-7.993020e-001 5.637949e-002 
1
2
4 3 10 4 0 -1
4 5 10 2 0 2
haar_y2
1.822633e-003 0 -1
-1.503199e-001 2.597474e-001 
1
2
18 7 14 8 0 -1
18 9 14 4 0 2
haar_y4
4.166249e-003 0 -1
-6.816566e-002 9.105781e-002 
1
2
12 7 9 6 0 -1
12 9 9 2 0 3
haar_y3
1.609050e-002 0 -1
5.368816e-002 -6.090872e-001 
1
2
22 4 9 6 0 -1
22 6 9 2 0 3
haar_y3
5.095043e-003 0 -1
-1.322738e-001 3.548657e-001 
1
2
10 7 15 6 0 -1
10 9 15 2 0 3
haar_y3
-1.144975e-002 0 -1
-3.570931e-001 1.160681e-001 
1
3
27 0 8 10 0 -1
31 0 4 5 0 2
27 5 4 5 0 2
haar_x2_y2
-1.960220e-003 0 -1
1.316369e-001 -3.179002e-001 
1
2
13 0 9 6 0 -1
16 0 3 6 0 3
haar_x3
-5.204763e-003 0 -1
-8.060140e-001 3.669048e-002 
1
2
22 4 9 6 0 -1
22 6 9 2 0 3
haar_y3
-2.953125e-002 0 -1
5.092440e-001 -7.017037e-002 
1
2
0 8 20 7 0 -1
5 8 10 7 0 2
haar_x4
2.774979e-002 0 -1
-4.847133e-002 5.751788e-001 
-1.471992e+000
