57
1
2
7 12 10 4 0 -1
12 12 5 4 0 2
haar_x2
-1.096269e-003 0 -1
2.602201e-001 -4.076834e-001 
1
2
29 10 6 6 0 -1
29 10 3 6 0 2
haar_x2
2.087601e-003 0 -1
-2.733852e-001 2.341865e-001 
1
3
4 5 20 4 0 -1
4 5 10 2 0 2
14 7 10 2 0 2
haar_x2_y2
2.418211e-003 0 -1
-3.383834e-001 1.993636e-001 
1
2
9 5 18 4 0 -1
9 5 9 4 0 2
haar_x2
2.182659e-002 0 -1
7.931470e-002 -3.672463e-001 
1
2
11 3 12 13 0 -1
15 3 4 13 0 3
haar_x3
1.553238e-001 0 -1
-1.406795e-001 4.410115e-001 
1
2
20 4 6 6 0 -1
20 4 6 3 0 2
tilted_haar_x2
-2.181675e-002 0 -1
-2.676201e-001 1.245641e-001 
1
2
2 7 24 9 0 -1
10 7 8 9 0 3
haar_x3
6.603589e-004 0 -1
-2.847657e-001 2.233600e-001 
1
2
13 0 16 6 0 -1
13 3 16 3 0 2
haar_y2
-1.198889e-002 0 -1
1.178857e-001 -3.265434e-001 
1
3
3 0 8 14 0 -1
3 0 4 7 0 2
7 7 4 7 0 2
haar_x2_y2
1.360946e-003 0 -1
9.683979e-002 -3.867565e-001 
1
2
19 1 12 5 0 -1
23 1 4 5 0 3
haar_x3
-9.869236e-004 0 -1
1.319031e-001 -3.423039e-001 
1
2
0 0 9 6 0 -1
3 0 3 6 0 3
haar_x3
1.485576e-003 0 -1
-2.110681e-001 2.285397e-001 
1
2
18 0 7 6 0 -1
18 0 7 3 0 2
tilted_haar_x2
1.162433e-002 0 -1
5.507294e-002 -1.617070e-001 
1
2
8 3 18 4 0 -1
17 3 9 4 0 2
haar_x2
-3.968809e-003 0 -1
-3.590200e-001 1.293555e-001 
1
2
15 0 12 5 0 -1
19 0 4 5 0 3
haar_x3
-1.730204e-003 0 -1
-2.707703e-001 1.250617e-001 
1
2
8 0 12 5 0 -1
12 0 4 5 0 3
haar_x3
-1.466374e-003 0 -1
-3.282034e-001 1.494873e-001 
1
2
19 2 9 6 0 -1
22 2 3 6 0 3
haar_x3
4.935708e-004 0 -1
9.940768e-002 -4.804122e-001 
1
2
7 2 9 6 0 -1
10 2 3 6 0 3
haar_x3
-1.436012e-003 0 -1
8.688865e-002 -4.076794e-001 
1
2
29 0 6 12 0 -1
29 4 6 4 0 3
haar_y3
-3.057045e-002 0 -1
-3.003445e-001 9.519339e-002 
1
2
8 7 9 8 0 -1
8 11 9 4 0 2
haar_y2
5.234144e-002 0 -1
-1.523461e-001 2.932295e-001 
1
3
3 7 32 6 0 -1
19 7 16 3 0 2
3 10 16 3 0 2
haar_x2_y2
1.116208e-002 0 -1
1.051702e-001 -3.569095e-001 
1
3
1 0 6 12 0 -1
1 0 3 6 0 2
4 6 3 6 0 2
haar_x2_y2
-1.053905e-003 0 -1
1.317289e-001 -2.855288e-001 
1
2
20 0 9 6 0 -1
23 0 3 6 0 3
haar_x3
-4.365973e-003 0 -1
-1.688212e-001 1.287278e-001 
1
2
1 8 16 8 0 -1
1 12 16 4 0 2
haar_y2
7.027240e-003 0 -1
-8.163853e-001 4.679443e-002 
1
2
28 0 7 12 0 -1
28 4 7 4 0 3
haar_y3
-1.293293e-001 0 -1
-9.604929e-001 1.361347e-002 
1
2
3 0 12 6 0 -1
7 0 4 6 0 3
haar_x3
-5.578764e-002 0 -1
-6.962392e-001 3.901792e-002 
1
2
16 4 4 10 0 -1
16 4 2 10 0 2
haar_x2
3.366093e-003 0 -1
-1.388536e-001 1.419872e-001 
1
2
15 4 4 10 0 -1
17 4 2 10 0 2
haar_x2
1.808030e-002 0 -1
-1.347098e-001 3.498007e-001 
1
2
15 2 15 12 0 -1
20 6 5 4 0 9
haar_point
-8.873448e-002 0 -1
-1.260810e-001 1.521161e-001 
1
2
12 6 7 6 0 -1
12 9 7 3 0 2
haar_y2
-1.948433e-003 0 -1
-4.400985e-001 7.529901e-002 
1
2
22 4 9 6 0 -1
22 6 9 2 0 3
haar_y3
6.965473e-003 0 -1
-1.346112e-001 3.363116e-001 
1
2
0 0 6 12 0 -1
0 4 6 4 0 3
haar_y3
-7.689430e-002 0 -1
-7.489886e-001 4.759888e-002 
1
2
18 8 16 6 0 -1
18 10 16 2 0 3
haar_y3
-1.653805e-003 0 -1
-2.216339e-001 1.017029e-001 
1
2
2 1 9 6 0 -1
2 3 9 2 0 3
haar_y3
-4.821890e-002 0 -1
5.360610e-001 -5.949038e-002 
1
2
11 9 14 4 0 -1
11 11 14 2 0 2
haar_y2
1.037867e-003 0 -1
-4.085307e-001 6.166186e-002 
1
2
15 4 6 6 0 -1
15 4 3 6 0 2
tilted_haar_x2
-2.306582e-002 0 -1
-1.584887e-001 2.182209e-001 
1
2
19 1 8 12 0 -1
19 5 8 4 0 3
haar_y3
-7.380822e-002 0 -1
2.715057e-001 -1.190421e-001 
1
2
13 0 6 9 0 -1
15 0 2 9 0 3
haar_x3
-2.069700e-002 0 -1
-7.872845e-001 4.285527e-002 
1
2
19 4 16 12 0 -1
23 4 8 12 0 2
haar_x4
1.112067e-001 0 -1
-2.784622e-002 7.108510e-001 
1
2
13 0 9 6 0 -1
16 0 3 6 0 3
haar_x3
4.151363e-004 0 -1
-4.659224e-001 6.952456e-002 
1
2
15 12 9 4 0 -1
15 14 9 2 0 2
haar_y2
-3.058339e-003 0 -1
-3.636411e-001 6.947435e-002 
1
2
0 4 16 12 0 -1
4 4 8 12 0 2
haar_x4
5.807555e-002 0 -1
-5.696959e-002 5.458230e-001 
1
2
16 2 12 11 0 -1
19 2 6 11 0 2
haar_x4
-1.182277e-001 0 -1
-7.170675e-001 1.928709e-002 
1
2
8 6 15 7 0 -1
13 6 5 7 0 3
haar_x3
1.035849e-001 0 -1
-6.172990e-002 4.865637e-001 
1
2
18 0 4 10 0 -1
18 0 2 10 0 2
haar_x2
5.043062e-002 0 -1
2.324110e-002 -9.161333e-001 
1
2
13 0 6 11 0 -1
15 0 2 11 0 3
haar_x3
8.298320e-003 0 -1
1.060304e-001 -2.741268e-001 
1
2
20 3 6 6 0 -1
20 3 3 6 0 2
tilted_haar_y2
3.674360e-003 0 -1
-9.319118e-002 6.656579e-002 
1
3
0 0 18 8 0 -1
0 0 9 4 0 2
9 4 9 4 0 2
haar_x2_y2
-6.206725e-003 0 -1
9.838673e-002 -3.149387e-001 
1
2
20 3 6 6 0 -1
20 3 3 6 0 2
tilted_haar_y2
-9.360791e-002 0 -1
-1.000000e+000 1.106509e-003 
1
2
15 3 6 6 0 -1
15 3 6 3 0 2
tilted_haar_y2
-5.726633e-003 0 -1
-5.244141e-001 5.897011e-002 
1
2
18 8 13 6 0 -1
18 10 13 2 0 3
haar_y3
4.333386e-002 0 -1
1.290795e-002 -4.970840e-001 
1
2
8 7 10 4 0 -1
8 9 10 2 0 2
haar_y2
1.871914e-002 0 -1
-9.780649e-002 3.993047e-001 
1
3
21 0 10 16 0 -1
26 0 5 8 0 2
21 8 5 8 0 2
haar_x2_y2
3.604569e-002 0 -1
2.891269e-002 -5.028494e-001 
1
3
4 0 10 16 0 -1
4 0 5 8 0 2
9 8 5 8 0 2
haar_x2_y2
1.223081e-002 0 -1
7.690275e-002 -4.037912e-001 
1
3
13 6 18 4 0 -1
22 6 9 2 0 2
13 8 9 2 0 2
haar_x2_y2
5.568937e-003 0 -1
-9.027977e-002 1.689238e-001 
1
2
11 9 7 6 0 -1
11 12 7 3 0 2
haar_y2
-2.864562e-003 0 -1
-7.716929e-001 3.959214e-002 
1
2
13 5 12 6 0 -1
16 5 6 6 0 2
haar_x4
-7.114262e-003 0 -1
8.242614e-001 -3.161769e-002 
1
2
10 5 12 6 0 -1
13 5 6 6 0 2
haar_x4
-5.151435e-003 0 -1
7.027248e-001 -3.481673e-002 
-1.362788e+000
