40
1
2
0 10 16 6 0 -1
4 10 8 6 0 2
haar_x4
4.081053e-003 0 -1
-3.610048e-001 3.324973e-001 
1
2
9 4 21 12 0 -1
16 8 7 4 0 9
haar_point
-3.216551e-002 0 -1
-6.322938e-001 8.234516e-002 
1
2
7 7 16 8 0 -1
11 7 8 8 0 2
haar_x4
2.739741e-003 0 -1
-4.997529e-001 1.666417e-001 
1
2
16 1 6 6 0 -1
16 4 6 3 0 2
haar_y2
-1.907651e-003 0 -1
1.423416e-001 -5.531018e-001 
1
3
10 0 12 6 0 -1
10 0 6 3 0 2
16 3 6 3 0 2
haar_x2_y2
6.450205e-004 0 -1
-4.615738e-001 2.016820e-001 
1
2
31 0 4 14 0 -1
31 7 4 7 0 2
haar_y2
-4.806962e-003 0 -1
-6.058592e-001 1.488128e-001 
1
2
2 8 9 8 0 -1
2 10 9 4 0 2
haar_y4
5.770446e-004 0 -1
-4.044904e-001 1.641680e-001 
1
2
17 0 6 15 0 -1
19 0 2 15 0 3
haar_x3
3.638951e-004 0 -1
1.496795e-001 -2.650826e-001 
1
3
1 11 22 4 0 -1
1 11 11 2 0 2
12 13 11 2 0 2
haar_x2_y2
-3.863886e-004 0 -1
1.705831e-001 -4.218085e-001 
1
3
5 0 30 10 0 -1
20 0 15 5 0 2
5 5 15 5 0 2
haar_x2_y2
-1.601179e-001 0 -1
-6.481385e-001 -1.711098e-002 
1
2
12 0 6 15 0 -1
14 0 2 15 0 3
haar_x3
5.913340e-004 0 -1
1.772502e-001 -3.419930e-001 
1
3
25 0 10 14 0 -1
30 0 5 7 0 2
25 7 5 7 0 2
haar_x2_y2
-4.631380e-003 0 -1
1.358627e-001 -2.415580e-001 
1
2
0 0 3 12 0 -1
0 6 3 6 0 2
haar_y2
-9.800885e-003 0 -1
-5.397795e-001 1.074927e-001 
1
2
25 0 3 14 0 -1
25 7 3 7 0 2
haar_y2
7.622452e-003 0 -1
1.154439e-001 -3.043344e-001 
1
3
1 4 32 12 0 -1
1 4 16 6 0 2
17 10 16 6 0 2
haar_x2_y2
-1.033101e-001 0 -1
-6.955615e-001 7.915257e-002 
1
2
11 0 14 6 0 -1
11 3 14 3 0 2
haar_y2
-7.810099e-002 0 -1
4.251981e-001 -1.568258e-001 
1
2
7 1 21 9 0 -1
14 4 7 3 0 9
haar_point
-4.538809e-002 0 -1
-6.894345e-001 1.045749e-001 
1
2
20 0 8 10 0 -1
22 0 4 10 0 2
haar_x4
-8.119895e-004 0 -1
1.367475e-001 -3.460166e-001 
1
2
7 0 8 9 0 -1
9 0 4 9 0 2
haar_x4
-5.881058e-005 0 -1
1.274074e-001 -4.325779e-001 
1
2
21 5 14 8 0 -1
21 7 14 4 0 2
haar_y4
-4.668380e-003 0 -1
9.376036e-002 -4.171185e-001 
1
2
9 11 9 4 0 -1
9 13 9 2 0 2
haar_y2
-1.458263e-003 0 -1
-5.831923e-001 8.101308e-002 
1
2
25 5 10 8 0 -1
25 7 10 4 0 2
haar_y4
-2.953866e-002 0 -1
1.482205e-001 -6.474372e-002 
1
2
1 2 32 4 0 -1
17 2 16 4 0 2
haar_x2
1.622199e-002 0 -1
1.718725e-001 -2.894138e-001 
1
2
25 5 10 8 0 -1
25 7 10 4 0 2
haar_y4
-9.896606e-002 0 -1
-9.395379e-001 5.914372e-003 
1
2
0 5 10 8 0 -1
0 7 10 4 0 2
haar_y4
-2.039082e-003 0 -1
1.158433e-001 -4.192480e-001 
1
2
20 0 12 3 0 -1
20 0 6 3 0 2
haar_x2
4.135230e-004 0 -1
-3.206823e-001 8.427392e-002 
1
2
3 5 9 6 0 -1
3 7 9 2 0 3
haar_y3
1.349725e-002 0 -1
-8.188865e-002 6.825098e-001 
1
2
20 7 9 6 0 -1
20 9 9 2 0 3
haar_y3
-4.365886e-004 0 -1
-9.996855e-002 1.628947e-001 
1
2
4 0 18 3 0 -1
10 0 6 3 0 3
haar_x3
-4.206073e-002 0 -1
-8.914745e-001 4.684523e-002 
1
2
20 7 9 6 0 -1
20 9 9 2 0 3
haar_y3
-2.129924e-002 0 -1
2.071328e-001 -5.334889e-002 
1
2
6 7 9 6 0 -1
6 9 9 2 0 3
haar_y3
2.086342e-003 0 -1
-1.362200e-001 3.407009e-001 
1
2
16 9 9 6 0 -1
16 11 9 2 0 3
haar_y3
-1.747289e-002 0 -1
-7.363472e-001 4.438898e-002 
1
3
0 0 24 8 0 -1
0 0 12 4 0 2
12 4 12 4 0 2
haar_x2_y2
4.590075e-003 0 -1
1.006094e-001 -4.101674e-001 
1
2
9 3 18 9 0 -1
15 6 6 3 0 9
haar_point
-6.781719e-002 0 -1
-6.405144e-001 3.635751e-002 
1
2
0 11 16 5 0 -1
4 11 8 5 0 2
haar_x4
4.197203e-002 0 -1
-8.562202e-002 4.879264e-001 
1
2
11 10 13 6 0 -1
11 12 13 2 0 3
haar_y3
-5.916082e-003 0 -1
-5.838315e-001 8.083827e-002 
1
2
7 0 15 4 0 -1
12 0 5 4 0 3
haar_x3
7.396545e-002 0 -1
3.789805e-002 -8.084299e-001 
1
2
19 0 10 4 0 -1
19 0 5 4 0 2
tilted_haar_y2
1.141346e-003 0 -1
-2.889000e-001 2.860243e-002 
1
2
8 12 13 4 0 -1
8 14 13 2 0 2
haar_y2
6.818150e-004 0 -1
-2.544864e-001 1.455172e-001 
1
2
19 9 9 6 0 -1
19 11 9 2 0 3
haar_y3
-1.979697e-003 0 -1
-2.408006e-001 7.163940e-002 
-1.552311e+000
