6
1
2
0 3 24 3 0 -1
8 3 8 3 0 3
haar_x3
-1.830752e-001 0 -1
-6.204136e-002 -8.410399e-001 
1
2
8 4 12 8 0 -1
8 8 12 4 0 2
haar_y2
1.728788e-001 0 -1
-7.224118e-001 1.194869e-001 
1
2
4 2 1 9 0 -1
4 5 1 3 0 3
haar_y3
-1.483853e-002 0 -1
3.443072e-001 -5.627448e-001 
1
2
6 6 12 4 0 -1
10 6 4 4 0 3
haar_x3
-5.124018e-002 0 -1
3.707475e-001 -5.738608e-001 
1
2
6 4 10 8 0 -1
6 8 10 4 0 2
haar_y2
1.272063e-001 0 -1
-9.866568e-001 1.633121e-001 
1
2
20 5 4 6 0 -1
20 5 2 6 0 2
haar_x2
-9.023166e-003 0 -1
1.960447e-001 -4.060585e-001 
-1.498802e+000

37
-1
