12
1
2
1 5 6 4 0 -1
3 5 2 4 0 3
haar_x3
-8.648679e-003 0 -1
3.890294e-001 -5.048134e-001 
1
2
7 3 10 3 0 -1
7 4 10 1 0 3
haar_y3
-2.829190e-002 0 -1
5.830751e-001 -3.073164e-001 
1
2
0 3 16 4 0 -1
8 3 8 4 0 2
haar_x2
-3.158332e-002 0 -1
2.075747e-001 -5.976731e-001 
1
2
13 6 6 2 0 -1
15 6 2 2 0 3
haar_x3
2.785482e-002 0 -1
-2.197592e-001 4.683423e-001 
1
2
7 4 3 5 0 -1
8 4 1 5 0 3
haar_x3
1.634182e-002 0 -1
-2.265254e-001 6.397671e-001 
1
2
20 0 4 12 0 -1
20 4 4 4 0 3
haar_y3
-2.875955e-002 0 -1
3.346532e-001 -4.598490e-001 
1
2
0 0 4 12 0 -1
0 4 4 4 0 3
haar_y3
-7.878846e-003 0 -1
2.421225e-001 -5.367251e-001 
1
2
15 4 4 4 0 -1
15 6 4 2 0 2
haar_y2
3.208415e-002 0 -1
-1.716983e-001 3.534093e-001 
1
3
7 4 2 2 0 -1
7 4 1 1 0 2
8 5 1 1 0 2
haar_x2_y2
-2.404865e-003 0 -1
5.621537e-001 -1.669306e-001 
1
2
16 4 2 3 0 -1
16 5 2 1 0 3
haar_y3
5.130791e-003 0 -1
-1.240765e-001 5.434736e-001 
1
2
6 4 2 3 0 -1
6 5 2 1 0 3
haar_y3
-3.746108e-003 0 -1
4.338181e-001 -2.328331e-001 
1
2
12 0 9 2 0 -1
15 0 3 2 0 3
haar_x3
2.277351e-002 0 -1
8.895090e-002 -6.373724e-001 
-1.191949e+000

30
-1
