14
1
2
3 0 3 12 0 -1
3 4 3 4 0 3
haar_y3
-9.707706e-002 0 -1
5.894223e-001 -3.065407e-001 
1
2
6 1 12 6 0 -1
6 3 12 2 0 3
haar_y3
-8.261982e-002 0 -1
3.255196e-001 -4.311237e-001 
1
2
6 7 12 1 0 -1
10 7 4 1 0 3
haar_x3
-6.141129e-002 0 -1
6.216090e-001 -2.652210e-001 
1
2
8 0 9 5 0 -1
11 0 3 5 0 3
haar_x3
-6.838366e-002 0 -1
-7.713221e-001 1.358652e-001 
1
2
7 6 2 3 0 -1
8 6 1 3 0 2
haar_x2
3.889438e-003 0 -1
-2.220078e-001 5.015438e-001 
1
2
12 0 9 2 0 -1
15 0 3 2 0 3
haar_x3
-2.172177e-002 0 -1
-6.541826e-001 1.883869e-001 
1
2
0 0 9 9 0 -1
3 0 3 9 0 3
haar_x3
-1.076854e-002 0 -1
1.582852e-001 -5.189273e-001 
1
2
14 0 9 3 0 -1
17 0 3 3 0 3
haar_x3
2.287602e-002 0 -1
1.064675e-001 -6.660879e-001 
1
2
1 0 9 3 0 -1
4 0 3 3 0 3
haar_x3
-4.033915e-002 0 -1
-8.751352e-001 1.056482e-001 
1
2
6 1 12 3 0 -1
6 2 12 1 0 3
haar_y3
-2.115654e-002 0 -1
5.681580e-001 -2.042690e-001 
1
2
7 5 6 5 0 -1
9 5 2 5 0 3
haar_x3
-2.871693e-002 0 -1
5.054485e-001 -1.778100e-001 
1
2
15 10 6 2 0 -1
17 10 2 2 0 3
haar_x3
9.525126e-003 0 -1
1.025976e-001 -7.670090e-001 
1
2
4 6 4 3 0 -1
4 7 4 1 0 3
haar_y3
-1.038707e-002 0 -1
5.363416e-001 -1.812804e-001 
1
2
16 9 8 2 0 -1
16 10 8 1 0 2
haar_y2
1.930803e-003 0 -1
-4.204464e-001 3.219457e-001 
-1.346269e+000

95
-1
