11
1
3
4 6 4 6 0 -1
4 6 2 3 0 2
6 9 2 3 0 2
haar_x2_y2
-6.303289e-003 0 -1
5.753042e-001 -5.541839e-001 
1
2
6 7 12 1 0 -1
10 7 4 1 0 3
haar_x3
-3.675061e-002 0 -1
3.527507e-001 -5.336265e-001 
1
2
2 8 12 4 0 -1
2 10 12 2 0 2
haar_y2
4.533727e-002 0 -1
-4.548466e-001 4.479069e-001 
1
2
6 0 12 9 0 -1
6 3 12 3 0 3
haar_y3
-2.636962e-001 0 -1
4.031741e-001 -3.387064e-001 
1
2
6 5 3 3 0 -1
7 5 1 3 0 3
haar_x3
-4.515293e-003 0 -1
6.898764e-001 -1.677693e-001 
1
2
14 6 6 1 0 -1
16 6 2 1 0 3
haar_x3
1.510111e-002 0 -1
-2.703637e-001 7.158134e-001 
1
2
7 6 2 1 0 -1
8 6 1 1 0 2
haar_x2
-3.877994e-003 0 -1
6.357009e-001 -2.067707e-001 
1
2
21 3 2 6 0 -1
21 3 1 6 0 2
haar_x2
-1.405727e-003 0 -1
2.836077e-001 -4.765272e-001 
1
2
7 6 3 1 0 -1
8 6 1 1 0 3
haar_x3
4.152545e-003 0 -1
-2.059826e-001 6.404856e-001 
1
2
21 3 2 6 0 -1
21 3 1 6 0 2
haar_x2
-1.908741e-002 0 -1
-6.379821e-001 4.728594e-002 
1
2
1 3 2 6 0 -1
2 3 1 6 0 2
haar_x2
-2.707073e-003 0 -1
2.750623e-001 -4.462461e-001 
-1.263250e+000

18
-1
