22
1
2
6 6 12 2 0 -1
10 6 4 2 0 3
haar_x3
-8.912547e-002 0 -1
5.470196e-001 -3.288509e-001 
1
2
7 0 12 9 0 -1
7 3 12 3 0 3
haar_y3
-2.071205e-001 0 -1
4.675527e-001 -3.009509e-001 
1
2
7 5 3 4 0 -1
8 5 1 4 0 3
haar_x3
1.141399e-002 0 -1
-1.782607e-001 5.647470e-001 
1
2
14 6 3 1 0 -1
15 6 1 1 0 3
haar_x3
-4.074291e-003 0 -1
5.300981e-001 -1.216074e-001 
1
2
7 5 2 4 0 -1
8 5 1 4 0 2
haar_x2
-1.097655e-002 0 -1
6.466748e-001 -1.232258e-001 
1
2
21 3 2 8 0 -1
21 3 1 8 0 2
haar_x2
-3.805030e-003 0 -1
3.032601e-001 -2.821478e-001 
1
2
0 3 4 8 0 -1
2 3 2 8 0 2
haar_x2
-1.822402e-002 0 -1
2.659177e-001 -2.936064e-001 
1
2
9 7 6 1 0 -1
9 7 3 1 0 2
haar_x2
1.371732e-002 0 -1
-1.548450e-001 5.245240e-001 
1
2
8 4 5 3 0 -1
8 5 5 1 0 3
haar_y3
1.624193e-002 0 -1
-1.273004e-001 5.270777e-001 
1
2
12 4 12 8 0 -1
12 8 12 4 0 2
haar_y2
2.348778e-002 0 -1
-4.146731e-001 1.700299e-001 
1
2
7 2 5 6 0 -1
7 5 5 3 0 2
haar_y2
-8.806342e-002 0 -1
5.741975e-001 -1.209061e-001 
1
2
10 1 4 3 0 -1
10 2 4 1 0 3
haar_y3
-1.045962e-002 0 -1
5.153762e-001 -1.090921e-001 
1
2
6 3 12 9 0 -1
10 3 4 9 0 3
haar_x3
-5.586080e-002 0 -1
1.628027e-001 -3.735736e-001 
1
2
12 4 12 8 0 -1
12 8 12 4 0 2
haar_y2
-7.228906e-002 0 -1
-5.749282e-001 3.079813e-002 
1
3
2 10 2 2 0 -1
2 10 1 1 0 2
3 11 1 1 0 2
haar_x2_y2
8.154400e-004 0 -1
1.102108e-001 -5.713264e-001 
1
3
15 6 2 2 0 -1
16 6 1 1 0 2
15 7 1 1 0 2
haar_x2_y2
-2.176415e-003 0 -1
4.223152e-001 -1.200666e-001 
1
2
6 0 9 2 0 -1
9 0 3 2 0 3
haar_x3
-1.839774e-002 0 -1
-6.111172e-001 1.025615e-001 
1
2
8 0 8 3 0 -1
8 1 8 1 0 3
haar_y3
-1.883649e-002 0 -1
5.399929e-001 -1.352575e-001 
1
2
0 6 2 6 0 -1
0 9 2 3 0 2
haar_y2
9.122712e-004 0 -1
-3.438147e-001 1.754704e-001 
1
2
23 8 1 4 0 -1
23 10 1 2 0 2
haar_y2
4.319755e-004 0 -1
-2.309363e-001 1.273900e-001 
1
2
0 8 1 4 0 -1
0 10 1 2 0 2
haar_y2
8.898873e-003 0 -1
1.224472e-001 -6.511726e-001 
1
2
15 5 6 4 0 -1
17 5 2 4 0 3
haar_x3
4.563120e-002 0 -1
-9.924918e-002 5.006691e-001 
-1.405564e+000

20
-1
