13
1
2
6 4 12 5 0 -1
10 4 4 5 0 3
haar_x3
-7.188553e-002 0 -1
4.538824e-001 -5.795902e-001 
1
2
10 1 12 4 0 -1
10 3 12 2 0 2
haar_y2
-3.152076e-002 0 -1
4.040906e-001 -5.584190e-001 
1
2
11 6 2 6 0 -1
11 9 2 3 0 2
haar_y2
8.256281e-003 0 -1
-6.740608e-001 2.727582e-001 
1
2
16 5 6 3 0 -1
18 5 2 3 0 3
haar_x3
-1.122513e-002 0 -1
5.248393e-001 -2.177072e-001 
1
2
2 5 6 3 0 -1
4 5 2 3 0 3
haar_x3
-1.130163e-002 0 -1
5.750214e-001 -2.861154e-001 
1
2
10 2 6 3 0 -1
10 3 6 1 0 3
haar_y3
1.354052e-002 0 -1
-1.746760e-001 6.661716e-001 
1
2
8 2 7 3 0 -1
8 3 7 1 0 3
haar_y3
-1.015661e-002 0 -1
5.729519e-001 -2.365300e-001 
1
2
20 0 3 12 0 -1
20 4 3 4 0 3
haar_y3
-8.890482e-003 0 -1
2.526608e-001 -4.563434e-001 
1
3
7 2 2 2 0 -1
7 2 1 1 0 2
8 3 1 1 0 2
haar_x2_y2
7.406767e-004 0 -1
-1.960614e-001 5.796466e-001 
1
3
15 2 2 2 0 -1
16 2 1 1 0 2
15 3 1 1 0 2
haar_x2_y2
-1.076720e-003 0 -1
5.163153e-001 -1.875679e-001 
1
2
0 4 4 8 0 -1
2 4 2 8 0 2
haar_x2
-8.467309e-003 0 -1
2.872250e-001 -4.276884e-001 
1
2
14 4 3 5 0 -1
15 4 1 5 0 3
haar_x3
-9.536531e-003 0 -1
6.591256e-001 -9.425072e-002 
1
2
5 5 6 3 0 -1
7 5 2 3 0 3
haar_x3
-6.749014e-003 0 -1
5.135762e-001 -2.311833e-001 
-1.695952e+000

1
-1
