15
1
2
6 7 12 1 0 -1
10 7 4 1 0 3
haar_x3
-5.487201e-002 0 -1
6.432426e-001 -3.231628e-001 
1
2
20 4 4 6 0 -1
20 4 2 6 0 2
haar_x2
-7.999709e-003 0 -1
3.064114e-001 -4.371291e-001 
1
2
0 4 4 6 0 -1
2 4 2 6 0 2
haar_x2
-1.401608e-002 0 -1
3.391117e-001 -4.641851e-001 
1
2
9 2 7 10 0 -1
9 7 7 5 0 2
haar_y2
5.254840e-002 0 -1
-6.417467e-001 1.838999e-001 
1
2
6 5 2 4 0 -1
7 5 1 4 0 2
haar_x2
3.689503e-003 0 -1
-2.787482e-001 4.924456e-001 
1
2
12 5 2 3 0 -1
12 6 2 1 0 3
haar_y3
-8.478195e-003 0 -1
5.527785e-001 -1.619159e-001 
1
2
5 6 12 3 0 -1
9 6 4 3 0 3
haar_x3
-1.111516e-001 0 -1
4.925365e-001 -2.133553e-001 
1
2
15 5 3 3 0 -1
16 5 1 3 0 3
haar_x3
1.060030e-002 0 -1
-1.540096e-001 5.407819e-001 
1
2
6 4 3 4 0 -1
7 4 1 4 0 3
haar_x3
-2.261578e-003 0 -1
4.776992e-001 -2.614949e-001 
1
2
11 8 2 4 0 -1
11 10 2 2 0 2
haar_y2
7.160047e-003 0 -1
-5.078180e-001 2.207961e-001 
1
2
6 6 10 3 0 -1
11 6 5 3 0 2
haar_x2
-1.028740e-001 0 -1
6.536624e-001 -1.508221e-001 
1
2
0 3 24 2 0 -1
8 3 8 2 0 3
haar_x3
-9.493454e-002 0 -1
1.714024e-001 -5.286860e-001 
1
2
7 1 9 4 0 -1
10 1 3 4 0 3
haar_x3
-5.201939e-002 0 -1
-6.665994e-001 1.468936e-001 
1
2
14 6 3 1 0 -1
15 6 1 1 0 3
haar_x3
5.210645e-003 0 -1
-1.577431e-001 6.141541e-001 
1
2
7 6 6 4 0 -1
7 8 6 2 0 2
haar_y2
-2.144762e-002 0 -1
-8.145317e-001 1.209959e-001 
-1.095687e+000

58
-1
