24
1
2
0 0 12 3 0 -1
6 0 6 3 0 2
haar_x2
3.078505e-003 0 -1
-4.998278e-001 2.733785e-001 
1
2
19 0 4 9 0 -1
19 0 2 9 0 2
haar_x2
1.116838e-003 0 -1
-6.186340e-001 9.245203e-002 
1
2
11 0 9 6 0 -1
14 0 3 6 0 3
haar_x3
-3.560080e-003 0 -1
-7.192854e-001 1.616301e-001 
1
2
18 13 12 3 0 -1
18 13 6 3 0 2
haar_x2
-2.469403e-004 0 -1
2.619884e-001 -5.078135e-001 
1
2
4 3 9 6 0 -1
4 5 9 2 0 3
haar_y3
1.285782e-002 0 -1
-2.043252e-001 5.027581e-001 
1
2
16 1 6 9 0 -1
16 4 6 3 0 3
haar_y3
9.752444e-004 0 -1
1.596206e-001 -5.823025e-001 
1
2
17 0 9 6 0 -1
20 3 3 6 0 3
tilted_haar_x3
-9.533234e-004 0 -1
-4.935146e-001 1.696854e-001 
1
2
15 11 9 4 0 -1
15 13 9 2 0 2
haar_y2
-2.878875e-003 0 -1
-7.073555e-001 9.354352e-002 
1
2
12 9 11 6 0 -1
12 11 11 2 0 3
haar_y3
-2.403157e-003 0 -1
-6.252582e-001 1.419657e-001 
1
2
17 0 6 15 0 -1
19 0 2 15 0 3
haar_x3
-1.473630e-003 0 -1
2.691711e-001 -3.009512e-001 
1
2
3 0 18 15 0 -1
9 5 6 5 0 9
haar_point
-6.074413e-001 0 -1
7.101687e-001 -1.185966e-001 
1
2
11 0 14 3 0 -1
11 0 7 3 0 2
haar_x2
1.348041e-002 0 -1
1.671655e-001 -5.907251e-001 
1
2
7 12 15 4 0 -1
12 12 5 4 0 3
haar_x3
1.335053e-002 0 -1
1.271248e-001 -6.021050e-001 
1
2
4 7 27 6 0 -1
13 9 9 2 0 9
haar_point
1.984429e-003 0 -1
-6.074219e-001 1.205481e-001 
1
2
6 4 16 12 0 -1
6 7 16 6 0 2
haar_y4
7.467428e-004 0 -1
1.208229e-001 -5.207099e-001 
1
3
17 1 18 6 0 -1
26 1 9 3 0 2
17 4 9 3 0 2
haar_x2_y2
-2.178959e-003 0 -1
1.366161e-001 -3.420731e-001 
1
2
6 1 9 8 0 -1
9 1 3 8 0 3
haar_x3
-2.320732e-003 0 -1
1.344938e-001 -3.713136e-001 
1
3
13 0 10 8 0 -1
18 0 5 4 0 2
13 4 5 4 0 2
haar_x2_y2
1.748023e-002 0 -1
4.106610e-002 -2.841012e-001 
1
2
12 1 6 12 0 -1
14 1 2 12 0 3
haar_x3
-1.452302e-003 0 -1
1.973165e-001 -2.778165e-001 
1
2
14 0 15 4 0 -1
19 0 5 4 0 3
haar_x3
-9.537650e-003 0 -1
-3.377382e-001 8.797441e-002 
1
2
6 0 15 4 0 -1
11 0 5 4 0 3
haar_x3
-3.480608e-003 0 -1
-3.778747e-001 1.767466e-001 
1
2
26 8 6 6 0 -1
26 11 6 3 0 2
haar_y2
4.550542e-003 0 -1
-5.933855e-001 1.346626e-001 
1
2
4 4 9 6 0 -1
4 6 9 2 0 3
haar_y3
1.418155e-002 0 -1
-1.257684e-001 4.815703e-001 
1
2
17 4 12 12 0 -1
17 10 12 6 0 2
haar_y2
3.537371e-003 0 -1
-6.629784e-001 6.260597e-002 
-1.623590e+000
