23
1
2
6 5 2 3 0 -1
7 5 1 3 0 2
haar_x2
2.674947e-003 0 -1
-3.733611e-001 4.996201e-001 
1
2
13 0 2 9 0 -1
13 3 2 3 0 3
haar_y3
-1.501859e-002 0 -1
2.277056e-001 -3.559130e-001 
1
3
7 7 2 4 0 -1
7 7 1 2 0 2
8 9 1 2 0 2
haar_x2_y2
-3.422353e-003 0 -1
4.788163e-001 -2.667727e-001 
1
2
10 1 7 6 0 -1
10 3 7 2 0 3
haar_y3
-5.868196e-002 0 -1
4.128830e-001 -1.879708e-001 
1
2
8 2 8 3 0 -1
8 3 8 1 0 3
haar_y3
2.181805e-002 0 -1
-1.624434e-001 6.554571e-001 
1
2
19 0 5 12 0 -1
19 4 5 4 0 3
haar_y3
-1.063260e-002 0 -1
1.997637e-001 -4.457140e-001 
1
2
0 0 5 12 0 -1
0 4 5 4 0 3
haar_y3
-1.755697e-002 0 -1
1.475140e-001 -6.483247e-001 
1
2
8 3 14 6 0 -1
8 3 7 6 0 2
haar_x2
-5.583546e-002 0 -1
2.142629e-001 -2.452841e-001 
1
2
4 2 12 7 0 -1
10 2 6 7 0 2
haar_x2
-1.387371e-001 0 -1
2.167882e-001 -5.803975e-001 
1
2
18 5 4 6 0 -1
18 8 4 3 0 2
haar_y2
8.976084e-002 0 -1
-3.881876e-002 3.892008e-001 
1
2
2 5 4 6 0 -1
2 8 4 3 0 2
haar_y2
5.571152e-002 0 -1
-2.288713e-001 4.306371e-001 
1
2
5 11 18 1 0 -1
11 11 6 1 0 3
haar_x3
-4.995308e-002 0 -1
-6.199198e-001 6.332113e-002 
1
2
7 2 2 6 0 -1
7 4 2 2 0 3
haar_y3
2.221347e-002 0 -1
-1.534555e-001 6.584058e-001 
1
2
16 6 1 3 0 -1
16 7 1 1 0 3
haar_y3
4.267567e-003 0 -1
-6.042546e-002 4.769798e-001 
1
2
8 6 8 6 0 -1
12 6 4 6 0 2
haar_x2
-5.455101e-002 0 -1
3.624103e-001 -2.898335e-001 
1
2
16 6 1 3 0 -1
16 7 1 1 0 3
haar_y3
-3.222450e-003 0 -1
3.629873e-001 -9.896626e-002 
1
2
8 10 1 2 0 -1
8 11 1 1 0 2
haar_y2
2.270748e-004 0 -1
-3.744913e-001 2.418701e-001 
1
2
17 3 1 9 0 -1
17 6 1 3 0 3
haar_y3
1.057740e-002 0 -1
-1.362693e-001 4.077431e-001 
1
2
1 0 12 3 0 -1
5 0 4 3 0 3
haar_x3
-6.231101e-002 0 -1
-8.007041e-001 1.006839e-001 
1
3
14 7 4 2 0 -1
16 7 2 1 0 2
14 8 2 1 0 2
haar_x2_y2
4.413982e-003 0 -1
-1.608899e-001 3.649453e-001 
1
3
3 6 6 2 0 -1
3 6 3 1 0 2
6 7 3 1 0 2
haar_x2_y2
1.036704e-002 0 -1
-1.200729e-001 6.835599e-001 
1
2
11 10 4 2 0 -1
11 10 2 2 0 2
haar_x2
8.908782e-003 0 -1
1.143639e-001 -8.163080e-001 
1
3
7 2 2 2 0 -1
7 2 1 1 0 2
8 3 1 1 0 2
haar_x2_y2
-1.357661e-003 0 -1
4.315316e-001 -1.972883e-001 
-1.501189e+000

31
-1
