11
1
2
6 3 12 6 0 -1
10 3 4 6 0 3
haar_x3
-1.290628e-001 0 -1
5.534601e-001 -6.572981e-001 
1
2
15 6 9 2 0 -1
18 6 3 2 0 3
haar_x3
-1.903777e-002 0 -1
5.401757e-001 -3.505661e-001 
1
2
5 6 4 2 0 -1
7 6 2 2 0 2
haar_x2
7.442825e-003 0 -1
-2.710218e-001 7.597935e-001 
1
2
21 3 2 6 0 -1
21 3 1 6 0 2
haar_x2
-2.706368e-003 0 -1
2.548798e-001 -3.595179e-001 
1
2
1 5 2 4 0 -1
2 5 1 4 0 2
haar_x2
-1.516967e-003 0 -1
3.790515e-001 -4.829846e-001 
1
3
14 7 4 2 0 -1
16 7 2 1 0 2
14 8 2 1 0 2
haar_x2_y2
8.789860e-003 0 -1
-1.772917e-001 8.159937e-001 
1
2
7 5 3 2 0 -1
8 5 1 2 0 3
haar_x3
-3.310488e-003 0 -1
6.213596e-001 -2.337480e-001 
1
2
9 3 10 3 0 -1
9 4 10 1 0 3
haar_y3
-4.155630e-002 0 -1
5.740136e-001 -1.361683e-001 
1
2
0 1 7 4 0 -1
0 3 7 2 0 2
haar_y2
-4.204870e-003 0 -1
2.063676e-001 -5.613227e-001 
1
2
9 6 9 2 0 -1
12 6 3 2 0 3
haar_x3
-4.129896e-002 0 -1
4.405126e-001 -2.228246e-001 
1
2
6 6 9 2 0 -1
9 6 3 2 0 3
haar_x3
-3.681011e-002 0 -1
5.765805e-001 -3.452037e-001 
-1.553824e+000

17
-1
