17
1
2
5 5 4 3 0 -1
7 5 2 3 0 2
haar_x2
1.960339e-002 0 -1
-7.736472e-001 1.235309e-001 
1
2
8 4 8 3 0 -1
8 5 8 1 0 3
haar_y3
2.367216e-002 0 -1
-3.476709e-001 5.546743e-001 
1
2
1 1 7 4 0 -1
1 3 7 2 0 2
haar_y2
-6.545465e-003 0 -1
1.856187e-001 -7.320341e-001 
1
2
8 3 16 4 0 -1
8 3 8 4 0 2
haar_x2
-8.554268e-003 0 -1
1.090483e-001 -7.876080e-001 
1
2
1 0 1 6 0 -1
1 3 1 3 0 2
haar_y2
-1.512912e-002 0 -1
-7.294717e-001 1.119234e-001 
1
2
15 10 2 2 0 -1
15 11 2 1 0 2
haar_y2
3.370372e-004 0 -1
-3.342155e-001 1.248870e-001 
1
2
9 7 6 2 0 -1
11 7 2 2 0 3
haar_x3
-2.060626e-002 0 -1
3.732187e-001 -2.648133e-001 
1
2
15 10 2 2 0 -1
15 11 2 1 0 2
haar_y2
9.720784e-003 0 -1
4.201727e-002 -7.060121e-001 
1
2
7 10 2 2 0 -1
7 11 2 1 0 2
haar_y2
6.379171e-004 0 -1
-3.974758e-001 2.686291e-001 
1
2
14 10 6 2 0 -1
16 10 2 2 0 3
haar_x3
7.796817e-003 0 -1
8.035365e-002 -7.290323e-001 
1
2
0 3 24 5 0 -1
8 3 8 5 0 3
haar_x3
-3.874598e-001 0 -1
-8.250059e-001 8.390483e-002 
1
2
14 10 6 2 0 -1
16 10 2 2 0 3
haar_x3
-1.313198e-002 0 -1
-8.129403e-001 6.759866e-002 
1
2
9 7 2 3 0 -1
9 8 2 1 0 3
haar_y3
8.719479e-003 0 -1
-1.554618e-001 6.020200e-001 
1
2
14 10 6 2 0 -1
16 10 2 2 0 3
haar_x3
1.529886e-002 0 -1
4.373479e-002 -8.359846e-001 
1
3
0 10 2 2 0 -1
0 10 1 1 0 2
1 11 1 1 0 2
haar_x2_y2
1.272579e-003 0 -1
9.571155e-002 -7.984695e-001 
1
3
15 6 2 2 0 -1
16 6 1 1 0 2
15 7 1 1 0 2
haar_x2_y2
-3.033932e-003 0 -1
6.478248e-001 -1.514954e-001 
1
2
1 0 2 8 0 -1
2 0 1 8 0 2
haar_x2
-7.310999e-004 0 -1
1.639963e-001 -5.067735e-001 
-1.825841e+000

53
68
