17
1
3
6 6 8 6 0 -1
6 6 4 3 0 2
10 9 4 3 0 2
haar_x2_y2
3.184712e-002 0 -1
-4.739708e-001 3.318942e-001 
1
2
8 4 12 8 0 -1
8 8 12 4 0 2
haar_y2
5.105602e-002 0 -1
-6.977931e-001 2.152193e-001 
1
2
2 0 3 12 0 -1
2 4 3 4 0 3
haar_y3
-3.964903e-002 0 -1
3.182058e-001 -4.217877e-001 
1
2
6 3 12 9 0 -1
10 3 4 9 0 3
haar_x3
-1.176244e-001 0 -1
2.871692e-001 -4.861790e-001 
1
2
6 3 7 3 0 -1
6 4 7 1 0 3
haar_y3
-1.787720e-002 0 -1
4.447652e-001 -2.658047e-001 
1
2
15 5 3 3 0 -1
16 5 1 3 0 3
haar_x3
1.045141e-002 0 -1
-1.398636e-001 5.437087e-001 
1
2
6 5 3 2 0 -1
7 5 1 2 0 3
haar_x3
-3.654339e-003 0 -1
6.004553e-001 -1.719025e-001 
1
2
13 0 9 2 0 -1
16 0 3 2 0 3
haar_x3
1.973563e-002 0 -1
8.483765e-002 -6.721289e-001 
1
2
1 8 8 3 0 -1
5 8 4 3 0 2
haar_x2
4.720986e-002 0 -1
1.200416e-001 -8.771944e-001 
1
2
11 3 5 2 0 -1
11 4 5 1 0 2
haar_y2
5.229499e-003 0 -1
-1.685540e-001 4.717294e-001 
1
3
7 4 2 2 0 -1
7 4 1 1 0 2
8 5 1 1 0 2
haar_x2_y2
-2.096919e-003 0 -1
5.227170e-001 -1.570296e-001 
1
3
15 5 2 2 0 -1
16 5 1 1 0 2
15 6 1 1 0 2
haar_x2_y2
3.019418e-003 0 -1
-9.887291e-002 5.901818e-001 
1
2
3 0 6 2 0 -1
5 0 2 2 0 3
haar_x3
9.354471e-003 0 -1
1.331516e-001 -6.385206e-001 
1
2
15 5 6 3 0 -1
17 5 2 3 0 3
haar_x3
3.787751e-002 0 -1
-1.324039e-001 5.372077e-001 
1
3
7 5 2 2 0 -1
7 5 1 1 0 2
8 6 1 1 0 2
haar_x2_y2
-2.615193e-003 0 -1
5.741759e-001 -1.569677e-001 
1
2
11 10 4 2 0 -1
11 10 2 2 0 2
haar_x2
-1.080708e-002 0 -1
-8.672086e-001 9.863294e-002 
1
2
3 5 6 3 0 -1
5 5 2 3 0 3
haar_x3
-1.718071e-002 0 -1
4.547714e-001 -2.079798e-001 
-1.456085e+000

21
-1
