10
1
2
5 6 2 2 0 -1
6 6 1 2 0 2
haar_x2
2.248437e-003 0 -1
-4.424040e-001 5.231774e-001 
1
2
6 3 12 3 0 -1
6 4 12 1 0 3
haar_y3
-3.075967e-002 0 -1
4.503757e-001 -3.232650e-001 
1
2
9 6 6 6 0 -1
9 9 6 3 0 2
haar_y2
5.387440e-002 0 -1
-6.070540e-001 2.372728e-001 
1
2
6 5 12 7 0 -1
10 5 4 7 0 3
haar_x3
-1.132174e-001 0 -1
2.186563e-001 -6.684436e-001 
1
2
1 1 12 2 0 -1
5 1 4 2 0 3
haar_x3
1.707549e-002 0 -1
2.743592e-001 -6.727567e-001 
1
2
18 2 3 9 0 -1
18 5 3 3 0 3
haar_y3
-6.058197e-002 0 -1
6.514587e-001 -2.720515e-001 
1
2
3 2 3 9 0 -1
3 5 3 3 0 3
haar_y3
-5.512049e-002 0 -1
6.238207e-001 -2.895344e-001 
1
2
6 2 12 3 0 -1
6 3 12 1 0 3
haar_y3
-4.695177e-002 0 -1
6.963555e-001 -1.637410e-001 
1
2
3 9 2 3 0 -1
3 10 2 1 0 3
haar_y3
1.780129e-004 0 -1
-3.554521e-001 3.273708e-001 
1
2
9 7 6 3 0 -1
11 7 2 3 0 3
haar_x3
-1.651224e-002 0 -1
2.628281e-001 -3.797341e-001 
-1.477428e+000

25
-1
