25
1
2
6 4 12 8 0 -1
10 4 4 8 0 3
haar_x3
-1.251692e-001 0 -1
4.072446e-001 -4.900588e-001 
1
2
9 1 12 4 0 -1
9 3 12 2 0 2
haar_y2
-5.566205e-002 0 -1
2.374213e-001 -3.603021e-001 
1
2
5 6 4 2 0 -1
7 6 2 2 0 2
haar_x2
1.248867e-002 0 -1
-2.091001e-001 4.460116e-001 
1
2
20 7 1 4 0 -1
20 9 1 2 0 2
haar_y2
2.694088e-003 0 -1
-3.018629e-001 3.274141e-001 
1
2
1 1 5 4 0 -1
1 3 5 2 0 2
haar_y2
-7.052744e-003 0 -1
1.533050e-001 -4.392250e-001 
1
2
8 4 10 2 0 -1
8 5 10 1 0 2
haar_y2
9.509663e-003 0 -1
-1.356405e-001 3.978593e-001 
1
2
8 3 8 3 0 -1
8 4 8 1 0 3
haar_y3
3.012799e-002 0 -1
-1.297366e-001 6.769481e-001 
1
2
0 4 24 4 0 -1
8 4 8 4 0 3
haar_x3
-2.412398e-001 0 -1
3.648444e-001 -1.991321e-001 
1
2
1 7 3 4 0 -1
1 9 3 2 0 2
haar_y2
2.144014e-003 0 -1
-4.244698e-001 1.650816e-001 
1
3
15 6 2 2 0 -1
16 6 1 1 0 2
15 7 1 1 0 2
haar_x2_y2
-3.300546e-003 0 -1
4.995347e-001 -8.641939e-002 
1
3
7 6 2 2 0 -1
7 6 1 1 0 2
8 7 1 1 0 2
haar_x2_y2
-2.367787e-003 0 -1
4.882002e-001 -1.027447e-001 
1
3
15 6 2 2 0 -1
16 6 1 1 0 2
15 7 1 1 0 2
haar_x2_y2
1.367020e-003 0 -1
-1.659369e-001 3.189231e-001 
1
3
7 6 2 2 0 -1
7 6 1 1 0 2
8 7 1 1 0 2
haar_x2_y2
2.567696e-003 0 -1
-1.772002e-001 4.696921e-001 
1
2
13 11 2 1 0 -1
13 11 1 1 0 2
haar_x2
-1.571772e-003 0 -1
-7.399070e-001 9.241162e-002 
1
2
9 6 6 6 0 -1
11 6 2 6 0 3
haar_x3
-1.281815e-002 0 -1
1.593295e-001 -3.233975e-001 
1
2
10 10 9 1 0 -1
13 10 3 1 0 3
haar_x3
-1.148520e-002 0 -1
-5.089759e-001 7.891905e-002 
1
2
6 6 6 2 0 -1
8 6 2 2 0 3
haar_x3
-1.112119e-002 0 -1
4.319372e-001 -1.416095e-001 
1
3
13 10 2 2 0 -1
14 10 1 1 0 2
13 11 1 1 0 2
haar_x2_y2
1.554987e-003 0 -1
9.865446e-002 -7.578968e-001 
1
2
7 6 2 1 0 -1
8 6 1 1 0 2
haar_x2
1.456243e-003 0 -1
-1.721584e-001 3.274944e-001 
1
2
12 10 6 2 0 -1
14 10 2 2 0 3
haar_x3
1.218608e-002 0 -1
4.799080e-002 -6.449713e-001 
1
2
8 6 8 6 0 -1
8 9 8 3 0 2
haar_y2
6.988344e-003 0 -1
-6.631125e-001 6.914703e-002 
1
2
23 0 1 12 0 -1
23 4 1 4 0 3
haar_y3
-4.671044e-002 0 -1
-6.714981e-001 3.362607e-002 
1
2
0 0 1 12 0 -1
0 4 1 4 0 3
haar_y3
-3.874934e-002 0 -1
-6.048754e-001 7.175384e-002 
1
2
15 0 6 2 0 -1
17 0 2 2 0 3
haar_x3
1.038591e-002 0 -1
5.696133e-002 -5.161110e-001 
1
2
8 0 3 3 0 -1
8 1 3 1 0 3
haar_y3
-9.248259e-003 0 -1
4.979466e-001 -1.198044e-001 
-1.297197e+000

27
-1
