10
1
2
7 5 2 4 0 -1
8 5 1 4 0 2
haar_x2
3.076294e-003 0 -1
-7.540421e-001 9.270058e-003 
1
2
3 4 18 6 0 -1
9 4 6 6 0 3
haar_x3
-2.970784e-001 0 -1
-1.000000e+000 5.897610e-002 
1
2
6 1 11 6 0 -1
6 3 11 2 0 3
haar_y3
-1.238292e-001 0 -1
3.901577e-001 -4.336722e-001 
1
2
11 6 2 6 0 -1
11 9 2 3 0 2
haar_y2
2.637451e-002 0 -1
-5.062002e-001 2.945895e-001 
1
2
0 5 4 5 0 -1
2 5 2 5 0 2
haar_x2
-1.041276e-002 0 -1
1.942476e-001 -5.216930e-001 
1
2
14 4 3 5 0 -1
15 4 1 5 0 3
haar_x3
-7.824859e-003 0 -1
5.084952e-001 -1.408850e-001 
1
2
7 4 3 5 0 -1
8 4 1 5 0 3
haar_x3
-6.431893e-003 0 -1
6.864756e-001 -1.993162e-001 
1
2
11 9 6 3 0 -1
13 9 2 3 0 3
haar_x3
1.603237e-002 0 -1
1.051468e-001 -7.584782e-001 
1
2
7 9 6 3 0 -1
9 9 2 3 0 3
haar_x3
-9.668606e-003 0 -1
-7.431301e-001 1.052539e-001 
1
3
7 2 10 10 0 -1
12 2 5 5 0 2
7 7 5 5 0 2
haar_x2_y2
7.930759e-002 0 -1
1.061222e-001 -8.259829e-001 
-1.549441e+000

73
-1
