10
1
2
7 5 2 4 0 -1
8 5 1 4 0 2
haar_x2
6.260401e-003 0 -1
-7.472566e-001 5.278235e-001 
1
2
0 3 24 5 0 -1
8 3 8 5 0 3
haar_x3
-4.038152e-001 0 -1
-9.826449e-001 1.156758e-002 
1
2
8 3 7 2 0 -1
8 4 7 1 0 2
haar_y2
-3.707147e-002 0 -1
5.746302e-001 -2.753306e-001 
1
3
16 6 4 6 0 -1
18 6 2 3 0 2
16 9 2 3 0 2
haar_x2_y2
-7.992774e-003 0 -1
4.217234e-001 -3.305683e-001 
1
2
0 9 1 2 0 -1
0 10 1 1 0 2
haar_y2
9.175463e-005 0 -1
-3.786341e-001 3.263856e-001 
1
3
16 1 4 8 0 -1
18 1 2 4 0 2
16 5 2 4 0 2
haar_x2_y2
5.738726e-003 0 -1
-1.647875e-001 1.331906e-001 
1
3
4 1 4 8 0 -1
4 1 2 4 0 2
6 5 2 4 0 2
haar_x2_y2
1.514038e-002 0 -1
-2.721398e-001 3.707811e-001 
1
3
10 0 8 6 0 -1
14 0 4 3 0 2
10 3 4 3 0 2
haar_x2_y2
-1.355796e-003 0 -1
1.106786e-001 -3.349827e-001 
1
3
6 0 8 6 0 -1
6 0 4 3 0 2
10 3 4 3 0 2
haar_x2_y2
-9.698340e-003 0 -1
2.079612e-001 -4.869359e-001 
1
2
14 0 9 4 0 -1
17 0 3 4 0 3
haar_x3
-5.216351e-002 0 -1
-7.946466e-001 6.651026e-002 
-1.761877e+000

41
-1
