16
1
2
5 13 24 3 0 -1
11 13 12 3 0 2
haar_x4
-1.015016e-003 0 -1
3.337713e-001 -5.128915e-001 
1
3
25 0 10 14 0 -1
30 0 5 7 0 2
25 7 5 7 0 2
haar_x2_y2
-1.480244e-004 0 -1
2.152309e-001 -5.389192e-001 
1
2
7 4 12 12 0 -1
13 4 6 12 0 2
haar_x2
-7.326839e-004 0 -1
-8.327369e-001 1.511484e-001 
1
2
19 8 15 4 0 -1
19 10 15 2 0 2
haar_y2
5.266272e-003 0 -1
-6.834162e-001 2.743556e-001 
1
2
12 0 6 6 0 -1
12 3 6 3 0 2
haar_y2
-3.306339e-003 0 -1
1.835778e-001 -5.729439e-001 
1
2
13 0 9 6 0 -1
16 0 3 6 0 3
haar_x3
-3.023349e-003 0 -1
-8.317934e-001 1.311098e-001 
1
2
0 0 21 3 0 -1
7 0 7 3 0 3
haar_x3
-1.263167e-002 0 -1
-5.072379e-001 2.044296e-001 
1
2
17 8 8 8 0 -1
17 12 8 4 0 2
haar_y2
-3.735228e-003 0 -1
-7.603007e-001 5.715651e-002 
1
3
3 9 20 6 0 -1
3 9 10 3 0 2
13 12 10 3 0 2
haar_x2_y2
1.181226e-004 0 -1
1.542857e-001 -6.648678e-001 
1
2
16 3 12 13 0 -1
19 3 6 13 0 2
haar_x4
-3.698739e-003 0 -1
1.645556e-001 -4.976823e-001 
1
2
8 7 18 3 0 -1
17 7 9 3 0 2
haar_x2
-4.440950e-003 0 -1
-5.777020e-001 1.855597e-001 
1
2
23 3 9 6 0 -1
23 5 9 2 0 3
haar_y3
8.443667e-003 0 -1
-1.616321e-001 2.962324e-001 
1
3
0 0 30 8 0 -1
0 0 15 4 0 2
15 4 15 4 0 2
haar_x2_y2
1.490558e-002 0 -1
1.645152e-001 -5.568147e-001 
1
2
3 4 30 12 0 -1
13 8 10 4 0 9
haar_point
-6.453951e-002 0 -1
-6.365858e-001 1.393508e-001 
1
2
10 8 8 8 0 -1
10 12 8 4 0 2
haar_y2
7.599466e-004 0 -1
-7.950876e-001 7.771640e-002 
1
3
1 11 34 4 0 -1
18 11 17 2 0 2
1 13 17 2 0 2
haar_x2_y2
2.277703e-002 0 -1
9.173528e-002 -6.124371e-001 
-1.666648e+000
