17
1
2
6 7 12 1 0 -1
10 7 4 1 0 3
haar_x3
-2.732661e-002 0 -1
4.240628e-001 -5.870100e-001 
1
2
20 6 4 2 0 -1
20 6 2 2 0 2
haar_x2
-5.538002e-003 0 -1
2.851827e-001 -3.453655e-001 
1
2
0 6 9 2 0 -1
3 6 3 2 0 3
haar_x3
-2.189966e-002 0 -1
3.676935e-001 -4.442556e-001 
1
2
6 1 12 6 0 -1
6 3 12 2 0 3
haar_y3
-1.114883e-001 0 -1
3.903587e-001 -3.178196e-001 
1
3
7 8 2 2 0 -1
7 8 1 1 0 2
8 9 1 1 0 2
haar_x2_y2
-1.664366e-003 0 -1
5.660575e-001 -1.924890e-001 
1
2
9 2 7 3 0 -1
9 3 7 1 0 3
haar_y3
2.454082e-002 0 -1
-1.571588e-001 7.048337e-001 
1
2
0 3 24 4 0 -1
8 3 8 4 0 3
haar_x3
-2.021447e-001 0 -1
2.584460e-001 -4.522704e-001 
1
2
10 3 6 3 0 -1
10 4 6 1 0 3
haar_y3
1.526267e-002 0 -1
-1.196731e-001 7.141588e-001 
1
3
7 6 2 2 0 -1
7 6 1 1 0 2
8 7 1 1 0 2
haar_x2_y2
-1.898356e-003 0 -1
5.298097e-001 -1.547545e-001 
1
2
13 0 6 3 0 -1
15 0 2 3 0 3
haar_x3
1.402566e-002 0 -1
1.114266e-001 -6.268834e-001 
1
3
7 6 2 2 0 -1
7 6 1 1 0 2
8 7 1 1 0 2
haar_x2_y2
2.027169e-003 0 -1
-1.866565e-001 4.809427e-001 
1
2
10 0 12 4 0 -1
10 2 12 2 0 2
haar_y2
-3.332591e-002 0 -1
1.707432e-001 -3.652776e-001 
1
2
9 7 6 5 0 -1
11 7 2 5 0 3
haar_x3
-1.815578e-002 0 -1
3.490638e-001 -2.623578e-001 
1
2
14 4 3 4 0 -1
15 4 1 4 0 3
haar_x3
-1.065554e-002 0 -1
5.158749e-001 -1.097120e-001 
1
2
7 4 3 4 0 -1
8 4 1 4 0 3
haar_x3
-6.923877e-003 0 -1
6.038952e-001 -1.440344e-001 
1
2
22 10 1 2 0 -1
22 11 1 1 0 2
haar_y2
2.960264e-003 0 -1
9.466240e-002 -6.502779e-001 
1
2
5 0 9 4 0 -1
8 0 3 4 0 3
haar_x3
-4.011912e-002 0 -1
-7.893032e-001 9.287341e-002 
-1.511310e+000

48
-1
