11
1
2
7 3 10 3 0 -1
7 4 10 1 0 3
haar_y3
-4.565836e-002 0 -1
3.871635e-001 -6.916156e-001 
1
3
8 0 16 4 0 -1
16 0 8 2 0 2
8 2 8 2 0 2
haar_x2_y2
-1.308175e-002 0 -1
4.159014e-002 -5.515523e-001 
1
3
0 0 18 4 0 -1
0 0 9 2 0 2
9 2 9 2 0 2
haar_x2_y2
-1.929376e-002 0 -1
3.134773e-001 -5.665090e-001 
1
2
16 6 6 2 0 -1
18 6 2 2 0 3
haar_x3
-4.959966e-003 0 -1
3.252239e-001 -2.955859e-001 
1
2
2 6 6 2 0 -1
4 6 2 2 0 3
haar_x3
-7.522448e-003 0 -1
3.313178e-001 -5.049655e-001 
1
2
8 4 8 8 0 -1
8 8 8 4 0 2
haar_y2
1.111911e-001 0 -1
-6.569471e-001 2.787776e-001 
1
3
7 7 2 4 0 -1
7 7 1 2 0 2
8 9 1 2 0 2
haar_x2_y2
-3.474135e-003 0 -1
6.371244e-001 -2.431917e-001 
1
2
10 8 8 3 0 -1
10 8 4 3 0 2
haar_x2
-2.107716e-002 0 -1
-1.849385e-001 1.597250e-001 
1
2
5 8 10 3 0 -1
10 8 5 3 0 2
haar_x2
-1.254015e-002 0 -1
-3.556058e-001 4.144408e-001 
1
2
21 3 2 9 0 -1
21 3 1 9 0 2
haar_x2
-3.091481e-003 0 -1
2.449721e-001 -3.129606e-001 
1
2
7 0 1 4 0 -1
7 2 1 2 0 2
haar_y2
-1.973891e-004 0 -1
1.651168e-001 -5.865778e-001 
-1.823030e+000

74
-1
