15
1
3
5 1 4 8 0 -1
5 1 2 4 0 2
7 5 2 4 0 2
haar_x2_y2
1.718962e-002 0 -1
-4.049380e-001 4.736437e-001 
1
2
9 3 6 2 0 -1
9 4 6 1 0 2
haar_y2
-3.397994e-002 0 -1
5.943418e-001 -1.582744e-001 
1
2
6 6 12 6 0 -1
10 6 4 6 0 3
haar_x3
-1.125156e-001 0 -1
2.770719e-001 -4.093551e-001 
1
2
20 6 2 6 0 -1
20 9 2 3 0 2
haar_y2
1.075445e-002 0 -1
-3.551567e-001 2.922474e-001 
1
2
0 6 5 6 0 -1
0 9 5 3 0 2
haar_y2
1.426535e-002 0 -1
-5.269370e-001 2.805487e-001 
1
2
10 6 4 3 0 -1
10 7 4 1 0 3
haar_y3
-9.122182e-003 0 -1
4.443719e-001 -2.637324e-001 
1
2
0 3 24 5 0 -1
8 3 8 5 0 3
haar_x3
-2.209840e-001 0 -1
1.963190e-001 -5.404142e-001 
1
2
8 2 8 7 0 -1
8 2 4 7 0 2
haar_x2
5.835244e-002 0 -1
-2.467680e-001 4.225050e-001 
1
3
7 4 2 2 0 -1
7 4 1 1 0 2
8 5 1 1 0 2
haar_x2_y2
-2.589599e-003 0 -1
6.192538e-001 -1.211785e-001 
1
2
10 10 12 1 0 -1
14 10 4 1 0 3
haar_x3
1.310347e-002 0 -1
1.329319e-001 -7.016666e-001 
1
2
10 10 4 2 0 -1
12 10 2 2 0 2
haar_x2
-8.583160e-003 0 -1
-8.148045e-001 9.680252e-002 
1
3
15 4 2 2 0 -1
16 4 1 1 0 2
15 5 1 1 0 2
haar_x2_y2
2.941687e-003 0 -1
-1.286468e-001 5.184863e-001 
1
2
7 5 3 1 0 -1
8 5 1 1 0 3
haar_x3
2.219634e-003 0 -1
-2.365307e-001 3.809530e-001 
1
2
15 2 2 10 0 -1
15 7 2 5 0 2
haar_y2
1.741252e-003 0 -1
-4.041688e-001 1.113625e-001 
1
2
6 4 6 4 0 -1
8 4 2 4 0 3
haar_x3
-1.806156e-002 0 -1
5.571935e-001 -1.865799e-001 
-1.075712e+000

43
-1
