7
1
2
9 3 10 8 0 -1
14 3 5 8 0 2
haar_x2
9.727921e-003 0 -1
-8.770859e-001 4.039330e-001 
1
2
16 7 14 8 0 -1
16 11 14 4 0 2
haar_y2
7.588445e-003 0 -1
-9.193482e-001 2.312808e-001 
1
2
11 0 10 6 0 -1
11 3 10 3 0 2
haar_y2
-3.377365e-003 0 -1
3.099196e-001 -7.374972e-001 
1
3
13 7 16 8 0 -1
21 7 8 4 0 2
13 11 8 4 0 2
haar_x2_y2
-8.948732e-004 0 -1
2.227783e-001 -7.337043e-001 
1
3
6 8 18 8 0 -1
6 8 9 4 0 2
15 12 9 4 0 2
haar_x2_y2
-5.304944e-005 0 -1
3.177997e-001 -7.469900e-001 
1
2
12 10 12 6 0 -1
12 12 12 2 0 3
haar_y3
-4.050585e-003 0 -1
-7.531597e-001 2.305931e-001 
1
3
2 0 14 12 0 -1
2 0 7 6 0 2
9 6 7 6 0 2
haar_x2_y2
4.324308e-003 0 -1
2.785451e-001 -7.203462e-001 
-1.349850e+000
