35
1
2
13 10 9 6 0 -1
16 10 3 6 0 3
haar_x3
3.947275e-003 0 -1
-6.365038e-001 2.121067e-001 
1
3
16 7 12 8 0 -1
22 7 6 4 0 2
16 11 6 4 0 2
haar_x2_y2
-4.993532e-003 0 -1
1.396116e-001 -6.647688e-001 
1
3
6 10 12 6 0 -1
6 10 6 3 0 2
12 13 6 3 0 2
haar_x2_y2
3.598494e-004 0 -1
1.377839e-001 -6.391041e-001 
1
2
17 0 18 2 0 -1
17 0 9 2 0 2
haar_x2
1.762319e-003 0 -1
-7.303182e-001 1.955061e-001 
1
2
4 3 9 6 0 -1
4 5 9 2 0 3
haar_y3
5.790651e-003 0 -1
-2.618416e-001 3.560947e-001 
1
2
3 0 30 15 0 -1
13 5 10 5 0 9
haar_point
8.027463e-002 0 -1
1.742482e-001 -5.084366e-001 
1
2
12 0 4 9 0 -1
14 0 2 9 0 2
haar_x2
7.202342e-004 0 -1
-6.705949e-001 1.363107e-001 
1
3
17 7 12 6 0 -1
23 7 6 3 0 2
17 10 6 3 0 2
haar_x2_y2
-2.585591e-003 0 -1
8.118157e-002 -2.664774e-001 
1
2
7 8 15 8 0 -1
7 10 15 4 0 2
haar_y4
-1.562464e-003 0 -1
-5.354799e-001 1.408503e-001 
1
2
14 0 18 3 0 -1
20 0 6 3 0 3
haar_x3
-6.796231e-003 0 -1
-4.248819e-001 1.292802e-001 
1
3
0 0 16 12 0 -1
0 0 8 6 0 2
8 6 8 6 0 2
haar_x2_y2
-3.881469e-003 0 -1
9.553422e-002 -5.107213e-001 
1
2
16 11 9 4 0 -1
16 13 9 2 0 2
haar_y2
-1.702021e-003 0 -1
-4.189674e-001 4.171804e-002 
1
3
6 12 22 4 0 -1
6 12 11 2 0 2
17 14 11 2 0 2
haar_x2_y2
7.490574e-003 0 -1
1.265195e-001 -5.062630e-001 
1
2
13 7 9 6 0 -1
16 7 3 6 0 3
haar_x3
4.954853e-002 0 -1
-1.663688e-001 4.274873e-001 
1
3
1 10 26 4 0 -1
1 10 13 2 0 2
14 12 13 2 0 2
haar_x2_y2
3.605419e-003 0 -1
1.372268e-001 -4.948117e-001 
1
2
11 0 14 3 0 -1
11 0 7 3 0 2
haar_x2
-2.629252e-003 0 -1
-3.382255e-001 1.463444e-001 
1
2
11 0 6 9 0 -1
13 2 2 9 0 3
tilted_haar_x3
-2.925759e-003 0 -1
1.375650e-001 -4.179918e-001 
1
2
2 1 32 6 0 -1
2 1 16 6 0 2
haar_x2
4.662982e-002 0 -1
1.116034e-001 -3.923502e-001 
1
2
13 0 10 6 0 -1
13 0 5 6 0 2
tilted_haar_x2
8.395877e-003 0 -1
5.432704e-002 -7.785817e-001 
1
2
29 0 6 6 0 -1
29 0 3 6 0 2
haar_x2
6.725131e-004 0 -1
-2.393746e-001 1.661899e-001 
1
2
13 2 6 10 0 -1
16 2 3 10 0 2
haar_x2
-1.217304e-002 0 -1
8.346212e-001 -5.119453e-002 
1
2
17 4 6 11 0 -1
19 4 2 11 0 3
haar_x3
-2.911721e-005 0 -1
1.278642e-001 -1.357063e-001 
1
2
11 3 8 11 0 -1
13 3 4 11 0 2
haar_x4
-1.033976e-003 0 -1
2.516744e-001 -2.962330e-001 
1
2
20 3 8 10 0 -1
22 3 4 10 0 2
haar_x4
-1.220271e-003 0 -1
9.786403e-002 -2.133125e-001 
1
2
7 3 8 10 0 -1
9 3 4 10 0 2
haar_x4
-1.685289e-003 0 -1
1.590251e-001 -3.710498e-001 
1
2
18 0 7 16 0 -1
18 8 7 8 0 2
haar_y2
1.818215e-002 0 -1
1.035420e-001 -1.821608e-001 
1
3
14 0 6 16 0 -1
14 0 3 8 0 2
17 8 3 8 0 2
haar_x2_y2
-7.716310e-003 0 -1
-4.349385e-001 1.257506e-001 
1
2
21 7 10 4 0 -1
21 9 10 2 0 2
haar_y2
3.101835e-002 0 -1
-8.637460e-002 5.113063e-001 
1
2
0 7 32 6 0 -1
8 7 16 6 0 2
haar_x4
3.336019e-003 0 -1
-3.341254e-001 1.757654e-001 
1
2
23 7 9 6 0 -1
23 9 9 2 0 3
haar_y3
-2.659057e-002 0 -1
2.015637e-001 -4.757580e-002 
1
2
13 3 8 5 0 -1
13 3 4 5 0 2
tilted_haar_x2
-2.851824e-002 0 -1
-1.573380e-001 2.950579e-001 
1
2
21 7 10 4 0 -1
21 9 10 2 0 2
haar_y2
4.103730e-003 0 -1
-1.720094e-001 1.199588e-001 
1
2
4 7 10 4 0 -1
4 9 10 2 0 2
haar_y2
3.175732e-002 0 -1
-9.055099e-002 5.754899e-001 
1
2
17 10 7 6 0 -1
17 13 7 3 0 2
haar_y2
-1.208656e-002 0 -1
-7.246958e-001 3.450382e-002 
1
2
11 0 12 5 0 -1
15 0 4 5 0 3
haar_x3
-2.140811e-003 0 -1
-6.929517e-001 6.080690e-002 
-1.632789e+000
