14
1
2
6 6 12 3 0 -1
10 6 4 3 0 3
haar_x3
-1.194483e-001 0 -1
-5.560308e-002 -8.034713e-001 
1
3
15 2 6 6 0 -1
18 2 3 3 0 2
15 5 3 3 0 2
haar_x2_y2
2.791583e-002 0 -1
-3.010840e-001 2.258074e-001 
1
2
9 7 6 4 0 -1
11 7 2 4 0 3
haar_x3
-5.177909e-003 0 -1
1.911404e-001 -6.066966e-001 
1
2
16 4 1 6 0 -1
16 6 1 2 0 3
haar_y3
9.533029e-003 0 -1
-1.204969e-001 2.397266e-001 
1
2
2 1 3 4 0 -1
2 3 3 2 0 2
haar_y2
-8.667257e-004 0 -1
1.785799e-001 -6.102812e-001 
1
2
16 4 1 6 0 -1
16 6 1 2 0 3
haar_y3
-1.474505e-002 0 -1
5.043001e-001 -5.150571e-002 
1
2
7 4 1 6 0 -1
7 6 1 2 0 3
haar_y3
7.677332e-003 0 -1
-3.286215e-001 3.575163e-001 
1
2
7 4 10 8 0 -1
7 8 10 4 0 2
haar_y2
7.222896e-005 0 -1
-7.307255e-001 1.836779e-001 
1
2
8 4 8 3 0 -1
8 5 8 1 0 3
haar_y3
2.930361e-002 0 -1
-1.924112e-001 6.113548e-001 
1
2
12 3 4 3 0 -1
12 4 4 1 0 3
haar_y3
2.420656e-002 0 -1
-7.919851e-002 7.609121e-001 
1
2
2 2 2 9 0 -1
2 5 2 3 0 3
haar_y3
-7.048642e-003 0 -1
2.687596e-001 -4.014032e-001 
1
2
7 4 10 8 0 -1
7 8 10 4 0 2
haar_y2
2.332600e-001 0 -1
9.078620e-002 -8.376333e-001 
1
2
2 10 9 2 0 -1
5 10 3 2 0 3
haar_x3
-2.728376e-002 0 -1
-9.467059e-001 7.349021e-002 
1
2
11 6 6 2 0 -1
13 6 2 2 0 3
haar_x3
-3.578793e-003 0 -1
1.338048e-001 -2.847576e-001 
-1.845275e+000

37
48
