19
1
2
5 7 9 1 0 -1
8 7 3 1 0 3
haar_x3
3.558864e-002 0 -1
-7.344049e-001 3.062901e-002 
1
2
3 2 18 6 0 -1
9 2 6 6 0 3
haar_x3
-2.460158e-001 0 -1
-9.553096e-001 -6.978624e-003 
1
2
5 6 5 6 0 -1
5 8 5 2 0 3
haar_y3
-4.635125e-002 0 -1
-7.533939e-001 9.711740e-002 
1
3
15 0 8 4 0 -1
19 0 4 2 0 2
15 2 4 2 0 2
haar_x2_y2
-1.071582e-002 0 -1
1.474596e-001 -1.770564e-001 
1
2
10 4 2 8 0 -1
10 8 2 4 0 2
haar_y2
1.999660e-002 0 -1
-4.273713e-001 2.129536e-001 
1
2
8 6 8 3 0 -1
8 6 4 3 0 2
haar_x2
7.102653e-002 0 -1
-1.606694e-001 5.600862e-001 
1
3
1 0 8 4 0 -1
1 0 4 2 0 2
5 2 4 2 0 2
haar_x2_y2
-8.938139e-003 0 -1
2.663240e-001 -2.658615e-001 
1
2
8 2 8 4 0 -1
8 4 8 2 0 2
haar_y2
-8.492446e-002 0 -1
4.499194e-001 -1.673925e-001 
1
2
7 0 6 3 0 -1
7 1 6 1 0 3
haar_y3
-7.458151e-003 0 -1
4.789246e-001 -1.588526e-001 
1
3
15 6 2 2 0 -1
16 6 1 1 0 2
15 7 1 1 0 2
haar_x2_y2
3.675464e-003 0 -1
-8.606686e-002 6.037208e-001 
1
2
8 4 1 3 0 -1
8 5 1 1 0 3
haar_y3
3.703681e-003 0 -1
-1.330455e-001 4.911687e-001 
1
2
10 9 6 1 0 -1
10 9 3 1 0 2
haar_x2
-4.703327e-003 0 -1
-1.573710e-001 6.842960e-002 
1
2
6 4 12 4 0 -1
10 4 4 4 0 3
haar_x3
-2.676784e-002 0 -1
1.247536e-001 -5.153809e-001 
1
2
16 1 8 6 0 -1
16 4 8 3 0 2
haar_y2
-1.972846e-002 0 -1
1.179129e-001 -1.918578e-001 
1
2
0 1 4 11 0 -1
2 1 2 11 0 2
haar_x2
-5.866338e-003 0 -1
1.419993e-001 -4.885740e-001 
1
2
15 6 2 1 0 -1
15 6 1 1 0 2
haar_x2
2.165073e-003 0 -1
-9.361430e-002 4.574549e-001 
1
3
7 6 2 6 0 -1
7 6 1 3 0 2
8 9 1 3 0 2
haar_x2_y2
-4.947318e-003 0 -1
3.673821e-001 -2.087446e-001 
1
2
14 0 6 1 0 -1
16 0 2 1 0 3
haar_x3
-1.055730e-002 0 -1
-7.039603e-001 3.619168e-002 
1
2
6 6 6 2 0 -1
8 6 2 2 0 3
haar_x3
-6.012562e-003 0 -1
5.411075e-001 -1.278334e-001 
-1.769976e+000

75
93
