16
1
2
11 6 2 6 0 -1
11 9 2 3 0 2
haar_y2
2.222032e-002 0 -1
-6.021108e-001 4.093970e-001 
1
2
6 3 12 9 0 -1
10 3 4 9 0 3
haar_x3
-1.196897e-001 0 -1
3.467393e-001 -5.281237e-001 
1
2
5 0 12 9 0 -1
5 3 12 3 0 3
haar_y3
-8.916108e-002 0 -1
2.500510e-001 -6.475180e-001 
1
2
16 6 6 2 0 -1
18 6 2 2 0 3
haar_x3
-9.454155e-003 0 -1
3.946237e-001 -2.385158e-001 
1
2
0 6 9 2 0 -1
3 6 3 2 0 3
haar_x3
-2.299385e-002 0 -1
4.511620e-001 -3.192317e-001 
1
2
11 6 2 3 0 -1
11 7 2 1 0 3
haar_y3
-7.022504e-003 0 -1
4.677359e-001 -2.162064e-001 
1
2
2 2 11 10 0 -1
2 7 11 5 0 2
haar_y2
7.909158e-002 0 -1
-4.030536e-001 2.593719e-001 
1
3
15 3 2 2 0 -1
16 3 1 1 0 2
15 4 1 1 0 2
haar_x2_y2
-2.417470e-003 0 -1
5.799664e-001 -1.412914e-001 
1
2
0 5 24 6 0 -1
8 5 8 6 0 3
haar_x3
-1.425701e-001 0 -1
2.701551e-001 -3.626564e-001 
1
2
15 6 2 3 0 -1
15 6 1 3 0 2
haar_x2
-1.082420e-002 0 -1
4.572536e-001 -9.313830e-002 
1
2
4 11 9 1 0 -1
7 11 3 1 0 3
haar_x3
-1.194698e-002 0 -1
-7.983790e-001 1.099039e-001 
1
2
15 4 3 5 0 -1
16 4 1 5 0 3
haar_x3
-3.780115e-003 0 -1
4.710761e-001 -1.880935e-001 
1
2
7 6 2 1 0 -1
8 6 1 1 0 2
haar_x2
3.560269e-003 0 -1
-1.060982e-001 7.331215e-001 
1
2
12 6 6 1 0 -1
14 6 2 1 0 3
haar_x3
-1.069101e-002 0 -1
5.190043e-001 -9.106433e-002 
1
2
6 5 6 2 0 -1
8 5 2 2 0 3
haar_x3
-9.697882e-003 0 -1
5.593619e-001 -2.275455e-001 
1
2
6 10 12 2 0 -1
10 10 4 2 0 3
haar_x3
-4.633218e-002 0 -1
-8.461512e-001 1.216021e-001 
-1.533928e+000

11
-1
