16
1
2
5 5 9 6 0 -1
5 7 9 2 0 3
haar_y3
-6.088485e-003 0 -1
4.038602e-001 -5.403742e-001 
1
2
24 0 2 14 0 -1
24 0 1 14 0 2
tilted_haar_y2
-5.146248e-004 0 -1
-4.135403e-001 2.136635e-001 
1
3
0 0 16 8 0 -1
0 0 8 4 0 2
8 4 8 4 0 2
haar_x2_y2
-7.143480e-003 0 -1
2.482856e-001 -6.197014e-001 
1
2
9 4 18 9 0 -1
15 7 6 3 0 9
haar_point
-4.357099e-003 0 -1
-7.623024e-001 1.607113e-001 
1
2
7 8 14 8 0 -1
7 12 14 4 0 2
haar_y2
2.979496e-003 0 -1
-9.398645e-001 1.256193e-001 
1
3
15 10 16 6 0 -1
23 10 8 3 0 2
15 13 8 3 0 2
haar_x2_y2
-1.489544e-005 0 -1
1.620610e-001 -6.242163e-001 
1
2
12 5 6 10 0 -1
14 5 2 10 0 3
haar_x3
-8.871128e-005 0 -1
2.092260e-001 -5.057722e-001 
1
2
19 0 6 14 0 -1
19 0 3 14 0 2
haar_x2
-3.538053e-003 0 -1
-5.824723e-001 7.535998e-002 
1
2
9 1 12 5 0 -1
13 1 4 5 0 3
haar_x3
-6.110712e-003 0 -1
-6.576958e-001 1.858824e-001 
1
2
15 11 9 4 0 -1
15 13 9 2 0 2
haar_y2
-1.314725e-003 0 -1
-5.293491e-001 1.282423e-001 
1
2
13 2 9 8 0 -1
13 4 9 4 0 2
haar_y4
-4.251663e-004 0 -1
1.792117e-001 -5.808641e-001 
1
3
12 10 20 4 0 -1
22 10 10 2 0 2
12 12 10 2 0 2
haar_x2_y2
1.185070e-003 0 -1
1.126284e-001 -4.798453e-001 
1
2
6 5 12 8 0 -1
6 7 12 4 0 2
haar_y4
-1.772920e-003 0 -1
1.367015e-001 -5.990989e-001 
1
3
12 10 20 6 0 -1
22 10 10 3 0 2
12 13 10 3 0 2
haar_x2_y2
-9.506906e-002 0 -1
-9.156345e-001 -4.125193e-003 
1
3
3 10 20 6 0 -1
3 10 10 3 0 2
13 13 10 3 0 2
haar_x2_y2
1.254150e-003 0 -1
1.717950e-001 -5.302727e-001 
1
2
16 2 12 14 0 -1
16 2 6 14 0 2
haar_x2
-1.663429e-003 0 -1
-7.648290e-001 9.229699e-002 
-1.721359e+000
