9
1
2
9 3 16 6 0 -1
13 3 8 6 0 2
haar_x4
1.092896e-002 0 -1
-8.544382e-001 4.490916e-001 
1
2
17 0 6 12 0 -1
17 3 6 6 0 2
haar_y4
-2.643018e-003 0 -1
2.503225e-001 -7.021939e-001 
1
2
13 9 9 7 0 -1
16 9 3 7 0 3
haar_x3
4.904525e-003 0 -1
-6.759095e-001 3.259321e-001 
1
2
24 3 5 12 0 -1
24 7 5 4 0 3
haar_y3
-4.300240e-003 0 -1
2.535421e-001 -7.819155e-001 
1
3
4 8 18 6 0 -1
4 8 9 3 0 2
13 11 9 3 0 2
haar_x2_y2
-1.969958e-003 0 -1
2.744005e-001 -6.861484e-001 
1
3
19 0 16 6 0 -1
27 0 8 3 0 2
19 3 8 3 0 2
haar_x2_y2
-1.633685e-003 0 -1
1.431778e-001 -4.037673e-001 
1
2
12 9 9 4 0 -1
12 11 9 2 0 2
haar_y2
-1.683269e-003 0 -1
-8.556325e-001 2.335164e-001 
1
2
22 0 4 12 0 -1
22 0 2 12 0 2
tilted_haar_y2
-1.439031e-002 0 -1
-3.879710e-001 8.101363e-002 
1
2
13 5 6 6 0 -1
16 5 3 6 0 2
haar_x2
1.598311e-003 0 -1
-7.473179e-001 2.522577e-001 
-1.549611e+000
