16
1
3
7 7 6 2 0 -1
7 7 3 1 0 2
10 8 3 1 0 2
haar_x2_y2
1.131256e-002 0 -1
-7.577773e-001 1.777628e-001 
1
2
10 5 6 3 0 -1
10 6 6 1 0 3
haar_y3
-1.551533e-002 0 -1
3.871166e-001 -3.582992e-001 
1
2
5 0 12 9 0 -1
5 3 12 3 0 3
haar_y3
-2.029782e-001 0 -1
-1.000000e+000 1.055245e-001 
1
2
10 10 12 1 0 -1
14 10 4 1 0 3
haar_x3
1.263557e-002 0 -1
1.482083e-001 -7.170689e-001 
1
2
9 7 6 4 0 -1
11 7 2 4 0 3
haar_x3
-4.184615e-003 0 -1
1.925804e-001 -5.269176e-001 
1
2
10 10 12 1 0 -1
14 10 4 1 0 3
haar_x3
-2.084184e-002 0 -1
-5.038384e-001 6.418294e-002 
1
2
2 10 12 1 0 -1
6 10 4 1 0 3
haar_x3
1.589618e-002 0 -1
1.724018e-001 -7.600082e-001 
1
3
15 3 2 2 0 -1
16 3 1 1 0 2
15 4 1 1 0 2
haar_x2_y2
-3.376805e-003 0 -1
6.415926e-001 -1.409495e-001 
1
2
0 5 16 4 0 -1
8 5 8 4 0 2
haar_x2
-3.716713e-002 0 -1
2.542673e-001 -3.731263e-001 
1
3
15 3 2 2 0 -1
16 3 1 1 0 2
15 4 1 1 0 2
haar_x2_y2
3.775552e-003 0 -1
-8.720823e-002 6.848844e-001 
1
3
7 3 2 2 0 -1
7 3 1 1 0 2
8 4 1 1 0 2
haar_x2_y2
-3.591074e-003 0 -1
7.524902e-001 -1.136841e-001 
1
2
9 0 9 2 0 -1
12 0 3 2 0 3
haar_x3
1.946011e-002 0 -1
9.229102e-002 -3.654014e-001 
1
2
0 2 8 9 0 -1
0 5 8 3 0 3
haar_y3
-6.055111e-002 0 -1
3.559388e-001 -2.628151e-001 
1
2
15 2 1 3 0 -1
15 3 1 1 0 3
haar_y3
-1.001032e-003 0 -1
2.154412e-001 -1.569810e-001 
1
3
6 4 4 2 0 -1
6 4 2 1 0 2
8 5 2 1 0 2
haar_x2_y2
-4.813582e-003 0 -1
4.907620e-001 -1.829755e-001 
1
2
6 3 12 3 0 -1
6 4 12 1 0 3
haar_y3
-1.668264e-002 0 -1
4.449716e-001 -2.007653e-001 
-1.960137e+000

7
11
