23
1
2
5 6 2 2 0 -1
6 6 1 2 0 2
haar_x2
2.256847e-003 0 -1
-3.627613e-001 3.519630e-001 
1
2
10 0 12 4 0 -1
10 2 12 2 0 2
haar_y2
-3.455608e-002 0 -1
2.306334e-001 -4.724586e-001 
1
2
7 3 10 3 0 -1
7 4 10 1 0 3
haar_y3
-4.134269e-002 0 -1
5.014004e-001 -2.133861e-001 
1
2
6 6 12 6 0 -1
10 6 4 6 0 3
haar_x3
-9.385922e-002 0 -1
2.379739e-001 -5.247889e-001 
1
2
0 0 10 4 0 -1
0 2 10 2 0 2
haar_y2
-1.500044e-002 0 -1
2.182945e-001 -4.274135e-001 
1
2
12 10 9 2 0 -1
15 10 3 2 0 3
haar_x3
2.049639e-002 0 -1
4.520348e-002 -8.155361e-001 
1
2
0 0 9 5 0 -1
3 0 3 5 0 3
haar_x3
-5.616438e-002 0 -1
-6.642936e-001 1.093442e-001 
1
2
14 7 3 1 0 -1
15 7 1 1 0 3
haar_x3
5.562988e-003 0 -1
-1.447220e-001 5.339726e-001 
1
2
3 10 9 2 0 -1
6 10 3 2 0 3
haar_x3
2.073414e-002 0 -1
9.026954e-002 -8.380150e-001 
1
2
15 6 2 3 0 -1
15 6 1 3 0 2
haar_x2
-9.653484e-003 0 -1
5.780615e-001 -2.083846e-001 
1
2
5 6 9 2 0 -1
8 6 3 2 0 3
haar_x3
-2.834345e-002 0 -1
3.698288e-001 -2.000505e-001 
1
2
15 6 6 2 0 -1
17 6 2 2 0 3
haar_x3
3.565859e-002 0 -1
-7.214464e-002 6.066869e-001 
1
2
3 6 6 2 0 -1
5 6 2 2 0 3
haar_x3
-6.727258e-003 0 -1
4.635539e-001 -1.756186e-001 
1
3
1 6 22 6 0 -1
12 6 11 3 0 2
1 9 11 3 0 2
haar_x2_y2
-2.957428e-002 0 -1
3.053956e-001 -2.677124e-001 
1
2
0 5 6 4 0 -1
2 5 2 4 0 3
haar_x3
-1.110731e-002 0 -1
2.905159e-001 -2.834248e-001 
1
2
12 6 12 6 0 -1
12 9 12 3 0 2
haar_y2
7.586449e-002 0 -1
-3.908530e-001 2.008889e-001 
1
2
9 7 6 2 0 -1
11 7 2 2 0 3
haar_x3
-1.202300e-002 0 -1
2.319990e-001 -3.314719e-001 
1
2
14 3 3 8 0 -1
14 7 3 4 0 2
haar_y2
2.002368e-003 0 -1
-2.830174e-001 7.082653e-002 
1
2
7 3 3 8 0 -1
7 7 3 4 0 2
haar_y2
2.112877e-003 0 -1
-4.816912e-001 1.485967e-001 
1
2
10 5 5 3 0 -1
10 6 5 1 0 3
haar_y3
-2.394240e-002 0 -1
4.695177e-001 -1.259303e-001 
1
2
6 10 5 2 0 -1
6 11 5 1 0 2
haar_y2
1.806971e-004 0 -1
-4.343996e-001 1.622057e-001 
1
2
10 4 6 3 0 -1
10 5 6 1 0 3
haar_y3
-1.759204e-002 0 -1
3.267403e-001 -1.513474e-001 
1
2
6 5 12 3 0 -1
12 5 6 3 0 2
haar_x2
2.834469e-002 0 -1
-1.792288e-001 3.465239e-001 
-1.337339e+000

50
-1
