26
1
2
6 7 12 1 0 -1
10 7 4 1 0 3
haar_x3
-6.210506e-002 0 -1
5.245070e-001 -2.365769e-001 
1
2
3 3 18 2 0 -1
9 3 6 2 0 3
haar_x3
-2.283436e-002 0 -1
2.105727e-001 -5.313064e-001 
1
2
0 0 9 9 0 -1
3 0 3 9 0 3
haar_x3
-1.843510e-002 0 -1
2.476822e-001 -3.855611e-001 
1
3
15 5 2 2 0 -1
16 5 1 1 0 2
15 6 1 1 0 2
haar_x2_y2
-2.534611e-003 0 -1
6.066736e-001 -1.543647e-001 
1
2
5 3 3 6 0 -1
5 6 3 3 0 2
haar_y2
2.000691e-002 0 -1
-2.753357e-001 2.818787e-001 
1
2
19 6 2 3 0 -1
19 7 2 1 0 3
haar_y3
-3.336085e-003 0 -1
3.280059e-001 -1.548865e-001 
1
2
3 6 4 3 0 -1
3 7 4 1 0 3
haar_y3
-9.613847e-003 0 -1
5.745665e-001 -1.434983e-001 
1
3
20 10 2 2 0 -1
21 10 1 1 0 2
20 11 1 1 0 2
haar_x2_y2
-1.543345e-003 0 -1
-7.370572e-001 7.544775e-002 
1
3
2 10 2 2 0 -1
2 10 1 1 0 2
3 11 1 1 0 2
haar_x2_y2
1.091264e-003 0 -1
9.156265e-002 -7.527015e-001 
1
2
8 2 8 3 0 -1
8 3 8 1 0 3
haar_y3
3.327582e-002 0 -1
-1.132318e-001 6.377133e-001 
1
2
10 2 4 3 0 -1
10 3 4 1 0 3
haar_y3
-1.566065e-002 0 -1
4.656109e-001 -1.293877e-001 
1
2
17 6 2 3 0 -1
17 7 2 1 0 3
haar_y3
3.667853e-003 0 -1
-1.624920e-001 3.887623e-001 
1
3
5 7 4 2 0 -1
5 7 2 1 0 2
7 8 2 1 0 2
haar_x2_y2
6.269937e-003 0 -1
-1.274815e-001 5.010791e-001 
1
3
22 10 2 2 0 -1
23 10 1 1 0 2
22 11 1 1 0 2
haar_x2_y2
1.316020e-003 0 -1
7.364463e-002 -6.198375e-001 
1
2
6 6 2 2 0 -1
7 6 1 2 0 2
haar_x2
2.276506e-003 0 -1
-1.888589e-001 3.562205e-001 
1
2
14 5 3 5 0 -1
15 5 1 5 0 3
haar_x3
9.368496e-003 0 -1
-1.463928e-001 3.027523e-001 
1
3
0 10 2 2 0 -1
0 10 1 1 0 2
1 11 1 1 0 2
haar_x2_y2
9.546308e-004 0 -1
1.084192e-001 -6.648387e-001 
1
2
15 1 3 9 0 -1
16 1 1 9 0 3
haar_x3
1.312755e-002 0 -1
-1.375845e-001 2.864029e-001 
1
2
4 0 6 3 0 -1
6 0 2 3 0 3
haar_x3
8.583256e-003 0 -1
1.171483e-001 -5.967439e-001 
1
2
21 9 1 2 0 -1
21 10 1 1 0 2
haar_y2
2.516535e-004 0 -1
-4.112543e-001 2.125735e-001 
1
2
2 9 1 2 0 -1
2 10 1 1 0 2
haar_y2
5.029410e-004 0 -1
-3.166611e-001 2.363683e-001 
1
2
8 2 16 6 0 -1
8 2 8 6 0 2
haar_x2
-3.045630e-002 0 -1
6.633480e-002 -4.840444e-001 
1
2
1 8 1 4 0 -1
1 10 1 2 0 2
haar_y2
9.316484e-003 0 -1
8.838997e-002 -6.946279e-001 
1
2
15 5 3 3 0 -1
16 5 1 3 0 3
haar_x3
-4.756985e-003 0 -1
3.899230e-001 -8.525214e-002 
1
2
6 5 3 3 0 -1
7 5 1 3 0 3
haar_x3
-5.159681e-003 0 -1
5.268540e-001 -1.086746e-001 
1
3
2 4 20 8 0 -1
12 4 10 4 0 2
2 8 10 4 0 2
haar_x2_y2
-3.912476e-002 0 -1
2.959226e-001 -2.160000e-001 
-1.381956e+000

64
-1
