21
1
2
0 2 14 7 0 -1
7 2 7 7 0 2
haar_x2
-1.579313e-001 0 -1
-9.410319e-001 -3.793466e-001 
1
2
10 2 14 8 0 -1
10 2 7 8 0 2
haar_x2
-4.838888e-002 0 -1
-1.278722e-002 -4.152352e-001 
1
2
0 2 14 8 0 -1
7 2 7 8 0 2
haar_x2
-2.117895e-001 0 -1
-9.442320e-001 1.157048e-001 
1
2
10 2 6 3 0 -1
10 3 6 1 0 3
haar_y3
3.005829e-002 0 -1
-1.199079e-001 4.764024e-001 
1
2
4 8 3 1 0 -1
5 8 1 1 0 3
haar_x3
1.045977e-003 0 -1
1.067457e-001 -6.378582e-001 
1
3
13 7 4 2 0 -1
15 7 2 1 0 2
13 8 2 1 0 2
haar_x2_y2
7.690483e-003 0 -1
-1.322485e-001 3.681271e-001 
1
2
1 8 1 3 0 -1
1 9 1 1 0 3
haar_y3
4.349645e-004 0 -1
1.731731e-001 -3.730399e-001 
1
3
18 8 2 2 0 -1
19 8 1 1 0 2
18 9 1 1 0 2
haar_x2_y2
1.026859e-003 0 -1
6.705050e-002 -6.566111e-001 
1
3
7 7 4 2 0 -1
7 7 2 1 0 2
9 8 2 1 0 2
haar_x2_y2
7.074040e-003 0 -1
-1.540143e-001 3.624339e-001 
1
2
17 3 3 1 0 -1
18 3 1 1 0 3
haar_x3
-1.255383e-004 0 -1
1.532964e-001 -1.450529e-001 
1
2
1 0 4 9 0 -1
3 0 2 9 0 2
haar_x2
-4.300020e-002 0 -1
-5.780271e-001 9.552963e-002 
1
2
19 1 4 5 0 -1
19 1 2 5 0 2
haar_x2
-4.758322e-002 0 -1
-6.908773e-001 1.205871e-002 
1
2
1 0 9 12 0 -1
4 0 3 12 0 3
haar_x3
-1.344249e-002 0 -1
1.779222e-001 -3.389756e-001 
1
2
14 4 3 1 0 -1
15 4 1 1 0 3
haar_x3
3.607176e-003 0 -1
-5.830867e-002 3.321646e-001 
1
2
5 10 9 1 0 -1
8 10 3 1 0 3
haar_x3
1.030132e-002 0 -1
8.172877e-002 -7.542525e-001 
1
2
14 4 3 1 0 -1
15 4 1 1 0 3
haar_x3
-1.181670e-003 0 -1
2.423415e-001 -1.478464e-001 
1
2
7 4 3 1 0 -1
8 4 1 1 0 3
haar_x3
-8.421723e-004 0 -1
3.166953e-001 -2.010134e-001 
1
3
18 8 2 2 0 -1
19 8 1 1 0 2
18 9 1 1 0 2
haar_x2_y2
-4.149038e-003 0 -1
-7.413806e-001 2.309039e-002 
1
3
4 8 2 2 0 -1
4 8 1 1 0 2
5 9 1 1 0 2
haar_x2_y2
1.071583e-003 0 -1
8.872551e-002 -6.019909e-001 
1
2
10 1 10 8 0 -1
10 5 10 4 0 2
haar_y2
-2.697597e-001 0 -1
3.732348e-001 -9.638389e-002 
1
2
0 0 2 1 0 -1
1 0 1 1 0 2
haar_x2
7.370414e-004 0 -1
-1.726899e-001 3.193586e-001 
-1.525015e+000

69
84
