30
1
2
6 1 12 6 0 -1
6 3 12 2 0 3
haar_y3
-8.461448e-002 0 -1
7.153510e-001 -2.391830e-001 
1
3
15 6 6 6 0 -1
18 6 3 3 0 2
15 9 3 3 0 2
haar_x2_y2
-1.312818e-002 0 -1
3.229652e-001 -1.512958e-001 
1
2
7 7 8 1 0 -1
11 7 4 1 0 2
haar_x2
-7.282824e-003 0 -1
2.156342e-001 -4.318050e-001 
1
2
11 3 2 3 0 -1
11 4 2 1 0 3
haar_y3
-7.732630e-003 0 -1
4.440594e-001 -1.741335e-001 
1
2
6 3 8 3 0 -1
6 4 8 1 0 3
haar_y3
1.963847e-002 0 -1
-1.535641e-001 4.273676e-001 
1
2
6 4 12 8 0 -1
6 8 12 4 0 2
haar_y2
1.242256e-002 0 -1
-5.529581e-001 1.857976e-001 
1
2
2 6 6 2 0 -1
4 6 2 2 0 3
haar_x3
-7.559406e-003 0 -1
1.916781e-001 -2.964818e-001 
1
2
15 0 9 12 0 -1
18 0 3 12 0 3
haar_x3
-3.681281e-003 0 -1
1.657787e-001 -2.337873e-001 
1
2
0 0 9 12 0 -1
3 0 3 12 0 3
haar_x3
-1.781820e-001 0 -1
-7.191210e-001 6.231214e-002 
1
2
20 3 4 6 0 -1
20 3 2 6 0 2
haar_x2
-5.788778e-002 0 -1
-5.404484e-001 1.483681e-002 
1
3
7 1 2 2 0 -1
7 1 1 1 0 2
8 2 1 1 0 2
haar_x2_y2
-2.194448e-003 0 -1
4.808972e-001 -1.166267e-001 
1
3
15 1 2 2 0 -1
16 1 1 1 0 2
15 2 1 1 0 2
haar_x2_y2
-1.552033e-003 0 -1
3.826099e-001 -1.047093e-001 
1
2
0 3 4 6 0 -1
2 3 2 6 0 2
haar_x2
-6.768360e-003 0 -1
1.605928e-001 -3.988724e-001 
1
3
15 1 2 2 0 -1
16 1 1 1 0 2
15 2 1 1 0 2
haar_x2_y2
1.925030e-003 0 -1
-1.390812e-001 4.969347e-001 
1
2
1 9 3 3 0 -1
1 10 3 1 0 3
haar_y3
-3.721751e-003 0 -1
-6.333899e-001 1.038396e-001 
1
3
15 1 2 2 0 -1
16 1 1 1 0 2
15 2 1 1 0 2
haar_x2_y2
-3.152349e-003 0 -1
3.383514e-001 -6.002998e-002 
1
3
6 1 6 6 0 -1
6 1 3 3 0 2
9 4 3 3 0 2
haar_x2_y2
-2.541848e-002 0 -1
2.503480e-001 -2.127730e-001 
1
2
15 10 1 2 0 -1
15 11 1 1 0 2
haar_y2
1.238704e-004 0 -1
-1.992601e-001 1.190815e-001 
1
2
8 4 8 5 0 -1
12 4 4 5 0 2
haar_x2
-4.722211e-002 0 -1
3.151391e-001 -1.744429e-001 
1
2
10 7 9 1 0 -1
13 7 3 1 0 3
haar_x3
2.093471e-002 0 -1
-6.681480e-002 4.800380e-001 
1
3
7 1 2 2 0 -1
7 1 1 1 0 2
8 2 1 1 0 2
haar_x2_y2
1.276980e-003 0 -1
-1.375568e-001 3.890515e-001 
1
2
13 11 6 1 0 -1
15 11 2 1 0 3
haar_x3
-7.473939e-003 0 -1
-7.642378e-001 6.862648e-002 
1
2
5 11 6 1 0 -1
7 11 2 1 0 3
haar_x3
7.217990e-003 0 -1
4.540513e-002 -8.397342e-001 
1
3
11 7 2 2 0 -1
12 7 1 1 0 2
11 8 1 1 0 2
haar_x2_y2
7.684057e-004 0 -1
-1.746196e-001 3.004938e-001 
1
2
0 1 8 4 0 -1
0 3 8 2 0 2
haar_y2
2.229173e-003 0 -1
1.346538e-001 -3.770897e-001 
1
2
12 6 6 2 0 -1
14 6 2 2 0 3
haar_x3
-8.385195e-003 0 -1
2.030078e-001 -1.302377e-001 
1
2
6 4 6 4 0 -1
8 4 2 4 0 3
haar_x3
-2.079561e-002 0 -1
4.819884e-001 -1.309062e-001 
1
2
12 0 6 3 0 -1
14 0 2 3 0 3
haar_x3
-1.872694e-002 0 -1
-4.727221e-001 7.613141e-002 
1
3
0 9 2 2 0 -1
0 9 1 1 0 2
1 10 1 1 0 2
haar_x2_y2
1.380069e-003 0 -1
6.886777e-002 -6.190851e-001 
1
2
14 6 1 3 0 -1
14 7 1 1 0 3
haar_y3
-3.916824e-003 0 -1
2.430440e-001 -9.610468e-002 
-1.210164e+000

56
-1
