15
1
2
7 7 3 1 0 -1
8 7 1 1 0 3
haar_x3
6.072689e-003 0 -1
-7.270408e-001 1.409810e-001 
1
2
16 4 6 5 0 -1
16 4 3 5 0 2
haar_x2
4.831209e-003 0 -1
-4.834523e-001 2.254139e-001 
1
2
1 3 12 9 0 -1
7 3 6 9 0 2
haar_x2
-2.060232e-001 0 -1
-7.168412e-001 1.455605e-001 
1
2
10 10 9 1 0 -1
13 10 3 1 0 3
haar_x3
1.317869e-002 0 -1
7.101027e-002 -8.700165e-001 
1
3
3 4 4 8 0 -1
3 4 2 4 0 2
5 8 2 4 0 2
haar_x2_y2
-1.078798e-002 0 -1
2.583955e-001 -3.424499e-001 
1
2
10 10 9 1 0 -1
13 10 3 1 0 3
haar_x3
-2.299806e-002 0 -1
-8.085581e-001 8.179658e-002 
1
2
5 10 9 1 0 -1
8 10 3 1 0 3
haar_x3
1.001001e-002 0 -1
8.780046e-002 -7.829773e-001 
1
2
10 4 4 3 0 -1
10 5 4 1 0 3
haar_y3
1.826420e-002 0 -1
-1.760284e-001 4.278949e-001 
1
2
6 0 10 9 0 -1
6 3 10 3 0 3
haar_y3
-2.365301e-001 0 -1
-9.680833e-001 7.668872e-002 
1
2
15 0 1 3 0 -1
15 1 1 1 0 3
haar_y3
-4.587786e-003 0 -1
4.111927e-001 -8.529965e-002 
1
2
6 9 6 3 0 -1
8 9 2 3 0 3
haar_x3
-9.014959e-003 0 -1
-7.152280e-001 1.007421e-001 
1
2
6 0 12 9 0 -1
6 3 12 3 0 3
haar_y3
-7.621458e-002 0 -1
2.288973e-001 -2.989799e-001 
1
2
7 3 8 3 0 -1
7 4 8 1 0 3
haar_y3
3.664409e-002 0 -1
-1.132076e-001 7.052584e-001 
1
3
13 9 2 2 0 -1
14 9 1 1 0 2
13 10 1 1 0 2
haar_x2_y2
1.269911e-004 0 -1
-2.777902e-001 2.013700e-001 
1
2
0 11 24 1 0 -1
12 11 12 1 0 2
haar_x2
2.547479e-002 0 -1
-2.601030e-001 2.906127e-001 
-1.672876e+000

63
-1
