9
1
2
9 4 6 8 0 -1
9 8 6 4 0 2
haar_y2
6.005974e-002 0 -1
-6.904742e-001 5.333603e-001 
1
2
17 7 2 1 0 -1
17 7 1 1 0 2
haar_x2
6.685370e-004 0 -1
-3.601330e-001 5.143065e-001 
1
2
6 3 12 3 0 -1
6 4 12 1 0 3
haar_y3
-2.134033e-002 0 -1
6.628326e-001 -2.576434e-001 
1
2
20 6 3 6 0 -1
20 9 3 3 0 2
haar_y2
1.192821e-003 0 -1
-6.746994e-001 3.092140e-001 
1
2
3 7 6 1 0 -1
6 7 3 1 0 2
haar_x2
4.455859e-003 0 -1
-2.815678e-001 5.791430e-001 
1
2
20 6 4 6 0 -1
20 9 4 3 0 2
haar_y2
2.044055e-002 0 -1
-2.332769e-001 1.571498e-001 
1
2
0 6 4 6 0 -1
0 9 4 3 0 2
haar_y2
6.767613e-003 0 -1
-4.702930e-001 3.186948e-001 
1
2
8 3 8 3 0 -1
8 4 8 1 0 3
haar_y3
1.228967e-002 0 -1
-2.177693e-001 6.544203e-001 
1
2
3 10 12 2 0 -1
7 10 4 2 0 3
haar_x3
-3.039208e-002 0 -1
-6.792325e-001 1.740634e-001 
-1.362095e+000

4
-1
