22
1
2
11 0 14 2 0 -1
11 0 14 1 0 2
tilted_haar_y2
1.524266e-003 0 -1
-5.546960e-001 2.661249e-001 
1
2
20 8 15 8 0 -1
20 10 15 4 0 2
haar_y4
3.159356e-003 0 -1
-5.275398e-001 2.419742e-001 
1
3
0 0 10 14 0 -1
0 0 5 7 0 2
5 7 5 7 0 2
haar_x2_y2
-7.946609e-004 0 -1
2.532129e-001 -5.356090e-001 
1
2
11 3 15 12 0 -1
16 7 5 4 0 9
haar_point
-3.007236e-003 0 -1
-5.521999e-001 1.280502e-001 
1
2
1 8 13 8 0 -1
1 10 13 4 0 2
haar_y4
4.077912e-004 0 -1
-4.954004e-001 2.120873e-001 
1
2
18 0 4 10 0 -1
18 0 4 5 0 2
tilted_haar_x2
2.722193e-003 0 -1
-5.427797e-001 9.237406e-002 
1
2
5 2 24 11 0 -1
17 2 12 11 0 2
haar_x2
3.920985e-002 0 -1
2.516257e-001 -4.209661e-001 
1
2
16 11 16 4 0 -1
16 13 16 2 0 2
haar_y2
1.050764e-003 0 -1
-5.742044e-001 1.980788e-001 
1
2
12 1 11 4 0 -1
12 3 11 2 0 2
haar_y2
-4.625275e-003 0 -1
2.092526e-001 -4.319338e-001 
1
2
26 0 3 12 0 -1
26 0 3 6 0 2
tilted_haar_x2
6.050013e-003 0 -1
5.283719e-002 -7.206886e-001 
1
2
4 2 26 7 0 -1
17 2 13 7 0 2
haar_x2
-3.589045e-002 0 -1
-5.826349e-001 1.468633e-001 
1
2
22 3 9 6 0 -1
22 5 9 2 0 3
haar_y3
4.723593e-003 0 -1
-2.109989e-001 3.006649e-001 
1
3
0 7 12 8 0 -1
0 7 6 4 0 2
6 11 6 4 0 2
haar_x2_y2
2.637832e-003 0 -1
-4.233400e-001 1.890920e-001 
1
2
25 10 10 4 0 -1
25 12 10 2 0 2
haar_y2
3.261557e-004 0 -1
-6.614836e-001 1.077162e-001 
1
3
4 0 10 16 0 -1
4 0 5 8 0 2
9 8 5 8 0 2
haar_x2_y2
1.166848e-002 0 -1
1.428873e-001 -4.972125e-001 
1
3
23 3 6 12 0 -1
26 3 3 6 0 2
23 9 3 6 0 2
haar_x2_y2
-1.103393e-002 0 -1
-4.198351e-001 6.702419e-002 
1
3
6 3 6 12 0 -1
6 3 3 6 0 2
9 9 3 6 0 2
haar_x2_y2
-1.023329e-002 0 -1
-6.172113e-001 1.382033e-001 
1
2
16 6 6 6 0 -1
16 6 3 6 0 2
haar_x2
3.924234e-003 0 -1
-4.220116e-001 2.028230e-001 
1
2
1 4 16 12 0 -1
1 7 16 6 0 2
haar_y4
1.330319e-002 0 -1
1.017075e-001 -7.398143e-001 
1
2
22 1 9 6 0 -1
22 3 9 2 0 3
haar_y3
-1.415788e-002 0 -1
3.298434e-001 -1.591135e-001 
1
2
15 2 4 9 0 -1
17 2 2 9 0 2
haar_x2
1.179689e-003 0 -1
-3.461326e-001 2.003703e-001 
1
2
19 1 6 8 0 -1
19 1 3 8 0 2
haar_x2
-4.087714e-003 0 -1
-4.747673e-001 3.944315e-002 
-1.684266e+000
