11
1
2
6 0 12 9 0 -1
6 3 12 3 0 3
haar_y3
-2.123695e-001 0 -1
4.334103e-001 -6.693760e-001 
1
3
12 6 6 6 0 -1
15 6 3 3 0 2
12 9 3 3 0 2
haar_x2_y2
4.641921e-002 0 -1
-3.176512e-001 4.373356e-001 
1
2
0 0 20 12 0 -1
10 0 10 12 0 2
haar_x2
-2.846403e-001 0 -1
-9.475571e-001 2.054929e-001 
1
3
14 6 4 4 0 -1
16 6 2 2 0 2
14 8 2 2 0 2
haar_x2_y2
2.620825e-002 0 -1
-7.052157e-002 5.338135e-001 
1
3
6 6 4 6 0 -1
6 6 2 3 0 2
8 9 2 3 0 2
haar_x2_y2
1.214283e-002 0 -1
-4.041222e-001 4.458148e-001 
1
2
15 7 9 4 0 -1
18 7 3 4 0 3
haar_x3
7.893531e-002 0 -1
1.194531e-003 -7.000682e-001 
1
2
0 7 9 4 0 -1
3 7 3 4 0 3
haar_x3
-1.412958e-002 0 -1
3.194400e-001 -3.731604e-001 
1
2
13 0 1 6 0 -1
13 3 1 3 0 2
haar_y2
-9.846168e-003 0 -1
2.064929e-001 -2.927965e-001 
1
2
5 10 14 1 0 -1
12 10 7 1 0 2
haar_x2
-1.255478e-002 0 -1
-8.316324e-001 9.332244e-002 
1
2
8 10 12 2 0 -1
8 11 12 1 0 2
haar_y2
5.052343e-003 0 -1
-3.375607e-001 1.936791e-001 
1
2
8 9 6 3 0 -1
11 9 3 3 0 2
haar_x2
1.885252e-002 0 -1
1.008788e-001 -8.199620e-001 
-1.565011e+000

16
23
