15
1
2
9 0 6 6 0 -1
9 3 6 3 0 2
haar_y2
-6.533498e-002 0 -1
5.747952e-001 -5.418342e-001 
1
2
6 7 12 1 0 -1
10 7 4 1 0 3
haar_x3
-4.846979e-002 0 -1
4.989258e-001 -3.367842e-001 
1
2
0 4 4 4 0 -1
2 4 2 4 0 2
haar_x2
-9.981865e-003 0 -1
3.442467e-001 -3.755704e-001 
1
2
10 10 4 2 0 -1
10 10 2 2 0 2
haar_x2
9.760112e-003 0 -1
1.150114e-001 -8.656236e-001 
1
2
8 10 6 2 0 -1
10 10 2 2 0 3
haar_x3
-1.163025e-002 0 -1
-8.215138e-001 1.411774e-001 
1
2
9 3 9 3 0 -1
9 4 9 1 0 3
haar_y3
-3.223514e-002 0 -1
6.057535e-001 -1.634419e-001 
1
3
7 6 2 2 0 -1
7 6 1 1 0 2
8 7 1 1 0 2
haar_x2_y2
1.805025e-003 0 -1
-1.841670e-001 4.960097e-001 
1
2
9 9 6 3 0 -1
11 9 2 3 0 3
haar_x3
1.042531e-002 0 -1
1.152699e-001 -7.603923e-001 
1
2
8 3 8 2 0 -1
8 4 8 1 0 2
haar_y2
1.064985e-002 0 -1
-1.751185e-001 5.809140e-001 
1
2
19 9 1 3 0 -1
19 10 1 1 0 3
haar_y3
-1.156413e-003 0 -1
-5.398000e-001 2.011936e-001 
1
2
0 1 8 4 0 -1
0 3 8 2 0 2
haar_y2
-6.844931e-003 0 -1
1.927472e-001 -4.200676e-001 
1
2
13 0 9 3 0 -1
16 0 3 3 0 3
haar_x3
2.135770e-002 0 -1
9.212983e-002 -4.701783e-001 
1
2
2 0 9 2 0 -1
5 0 3 2 0 3
haar_x3
1.218507e-002 0 -1
1.476975e-001 -5.589952e-001 
1
3
15 6 2 2 0 -1
16 6 1 1 0 2
15 7 1 1 0 2
haar_x2_y2
2.136460e-003 0 -1
-1.479595e-001 5.386416e-001 
1
2
4 9 1 3 0 -1
4 10 1 1 0 3
haar_y3
-1.356080e-003 0 -1
-6.403622e-001 1.408140e-001 
-1.510671e+000

8
-1
