16
1
2
6 5 2 5 0 -1
7 5 1 5 0 2
haar_x2
2.673998e-003 0 -1
-3.511865e-001 4.716999e-001 
1
2
6 3 12 3 0 -1
6 4 12 1 0 3
haar_y3
-3.459799e-002 0 -1
3.882182e-001 -2.628360e-001 
1
2
6 3 12 8 0 -1
10 3 4 8 0 3
haar_x3
-1.437699e-001 0 -1
1.800457e-001 -6.084886e-001 
1
2
11 10 6 2 0 -1
13 10 2 2 0 3
haar_x3
1.036696e-002 0 -1
1.224681e-001 -7.980062e-001 
1
2
2 0 9 4 0 -1
5 0 3 4 0 3
haar_x3
3.222260e-002 0 -1
7.926212e-002 -8.048152e-001 
1
2
14 5 3 3 0 -1
15 5 1 3 0 3
haar_x3
-9.281689e-003 0 -1
6.386678e-001 -1.495488e-001 
1
2
6 6 6 2 0 -1
8 6 2 2 0 3
haar_x3
-1.310934e-002 0 -1
5.540568e-001 -1.984863e-001 
1
2
14 7 3 1 0 -1
15 7 1 1 0 3
haar_x3
2.782300e-003 0 -1
-2.124195e-001 4.943988e-001 
1
2
7 5 2 4 0 -1
8 5 1 4 0 2
haar_x2
4.763384e-003 0 -1
-1.440421e-001 6.843286e-001 
1
2
13 1 6 5 0 -1
13 1 3 5 0 2
haar_x2
-5.810825e-002 0 -1
-5.148073e-001 1.149793e-001 
1
2
9 2 1 10 0 -1
9 7 1 5 0 2
haar_y2
3.777472e-003 0 -1
-6.605489e-001 1.416636e-001 
1
2
10 10 12 1 0 -1
14 10 4 1 0 3
haar_x3
1.209453e-002 0 -1
1.030582e-001 -7.166991e-001 
1
2
2 10 12 1 0 -1
6 10 4 1 0 3
haar_x3
1.636234e-002 0 -1
9.704994e-002 -8.306114e-001 
1
2
8 10 9 2 0 -1
11 10 3 2 0 3
haar_x3
2.209976e-002 0 -1
4.439176e-002 -9.181995e-001 
1
2
4 6 6 2 0 -1
6 6 2 2 0 3
haar_x3
3.208140e-002 0 -1
-2.039955e-001 4.770482e-001 
1
2
17 1 6 4 0 -1
17 3 6 2 0 2
haar_y2
-6.133201e-003 0 -1
2.016234e-001 -5.518173e-001 
-1.258048e+000

52
-1
