16
1
2
7 5 3 3 0 -1
8 5 1 3 0 3
haar_x3
1.113826e-002 0 -1
-3.443429e-001 7.014204e-001 
1
2
0 4 24 1 0 -1
8 4 8 1 0 3
haar_x3
-8.589560e-002 0 -1
5.752343e-001 -2.405444e-001 
1
2
5 6 10 6 0 -1
5 9 10 3 0 2
haar_y2
1.213262e-002 0 -1
-7.125531e-001 1.692030e-001 
1
2
6 7 12 1 0 -1
10 7 4 1 0 3
haar_x3
-4.833620e-002 0 -1
4.360112e-001 -3.397045e-001 
1
2
1 2 2 10 0 -1
2 2 1 10 0 2
haar_x2
-4.148639e-003 0 -1
2.354337e-001 -4.840141e-001 
1
3
15 4 2 2 0 -1
16 4 1 1 0 2
15 5 1 1 0 2
haar_x2_y2
-2.787542e-003 0 -1
6.508998e-001 -1.529482e-001 
1
2
7 6 3 1 0 -1
8 6 1 1 0 3
haar_x3
-1.894898e-003 0 -1
6.376786e-001 -1.679974e-001 
1
2
15 0 9 5 0 -1
18 0 3 5 0 3
haar_x3
3.975135e-002 0 -1
1.446567e-001 -6.591962e-001 
1
2
6 5 12 7 0 -1
10 5 4 7 0 3
haar_x3
-8.577508e-002 0 -1
1.385698e-001 -5.515988e-001 
1
2
17 2 1 10 0 -1
17 7 1 5 0 2
haar_y2
4.915779e-004 0 -1
-5.311481e-001 1.139547e-001 
1
2
4 10 9 1 0 -1
7 10 3 1 0 3
haar_x3
9.139599e-003 0 -1
1.580575e-001 -7.407987e-001 
1
2
14 2 2 3 0 -1
14 3 2 1 0 3
haar_y3
7.867929e-003 0 -1
-1.438351e-001 4.703481e-001 
1
2
0 0 9 5 0 -1
3 0 3 5 0 3
haar_x3
-5.445707e-002 0 -1
-7.808636e-001 1.558027e-001 
1
2
9 7 8 1 0 -1
9 7 4 1 0 2
haar_x2
9.571955e-003 0 -1
-1.373937e-001 5.298588e-001 
1
2
2 3 6 5 0 -1
4 3 2 5 0 3
haar_x3
-2.191685e-002 0 -1
4.404282e-001 -2.119629e-001 
1
2
10 6 9 2 0 -1
13 6 3 2 0 3
haar_x3
4.072235e-002 0 -1
-1.191576e-001 4.173756e-001 
-1.336046e+000

34
-1
