16
1
2
6 0 12 4 0 -1
6 2 12 2 0 2
haar_y2
-5.937678e-002 0 -1
3.376442e-001 -5.087392e-001 
1
3
16 6 4 6 0 -1
18 6 2 3 0 2
16 9 2 3 0 2
haar_x2_y2
-6.376063e-003 0 -1
3.722341e-001 -4.499733e-001 
1
2
5 6 6 2 0 -1
7 6 2 2 0 3
haar_x3
3.479650e-002 0 -1
-2.551932e-001 5.075898e-001 
1
2
8 4 8 8 0 -1
8 8 8 4 0 2
haar_y2
6.311554e-002 0 -1
-6.292452e-001 2.273344e-001 
1
2
1 6 6 2 0 -1
3 6 2 2 0 3
haar_x3
-5.319804e-003 0 -1
3.044712e-001 -3.942787e-001 
1
2
11 0 9 2 0 -1
14 0 3 2 0 3
haar_x3
1.991095e-002 0 -1
1.117170e-001 -7.003517e-001 
1
2
3 0 9 3 0 -1
6 0 3 3 0 3
haar_x3
1.754169e-002 0 -1
1.121242e-001 -6.578701e-001 
1
2
9 10 12 1 0 -1
13 10 4 1 0 3
haar_x3
9.170169e-003 0 -1
7.203231e-002 -5.005706e-001 
1
2
3 10 12 1 0 -1
7 10 4 1 0 3
haar_x3
1.825169e-002 0 -1
1.427822e-001 -8.376142e-001 
1
2
15 5 2 4 0 -1
15 5 1 4 0 2
haar_x2
-1.078530e-002 0 -1
3.709893e-001 -2.027463e-001 
1
2
4 6 6 1 0 -1
6 6 2 1 0 3
haar_x3
-7.032337e-003 0 -1
6.635026e-001 -1.244411e-001 
1
3
15 5 2 2 0 -1
16 5 1 1 0 2
15 6 1 1 0 2
haar_x2_y2
-4.483759e-003 0 -1
6.270319e-001 -6.782967e-002 
1
3
6 6 4 4 0 -1
6 6 2 2 0 2
8 8 2 2 0 2
haar_x2_y2
1.221182e-002 0 -1
-2.322875e-001 4.469624e-001 
1
2
20 6 3 6 0 -1
20 9 3 3 0 2
haar_y2
4.675678e-004 0 -1
-4.781728e-001 1.988159e-001 
1
2
2 2 2 9 0 -1
2 5 2 3 0 3
haar_y3
-1.004069e-002 0 -1
2.448167e-001 -3.989319e-001 
1
2
10 7 9 1 0 -1
13 7 3 1 0 3
haar_x3
-3.359150e-002 0 -1
7.206369e-001 -9.049954e-002 
-1.338694e+000

36
-1
