19
1
2
6 1 12 6 0 -1
6 3 12 2 0 3
haar_y3
-1.160180e-001 0 -1
4.882957e-001 -3.112956e-001 
1
2
6 4 12 8 0 -1
10 4 4 8 0 3
haar_x3
-1.286641e-001 0 -1
2.375403e-001 -6.151941e-001 
1
2
8 4 8 8 0 -1
8 8 8 4 0 2
haar_y2
9.154099e-002 0 -1
-5.485885e-001 2.322944e-001 
1
3
13 7 4 2 0 -1
15 7 2 1 0 2
13 8 2 1 0 2
haar_x2_y2
1.041993e-002 0 -1
-1.327872e-001 5.319983e-001 
1
3
7 7 4 2 0 -1
7 7 2 1 0 2
9 8 2 1 0 2
haar_x2_y2
5.215283e-003 0 -1
-2.444792e-001 4.025589e-001 
1
2
13 0 9 4 0 -1
16 0 3 4 0 3
haar_x3
-4.314682e-002 0 -1
-5.799046e-001 8.729729e-002 
1
2
2 0 9 4 0 -1
5 0 3 4 0 3
haar_x3
2.142440e-002 0 -1
1.466174e-001 -5.901894e-001 
1
2
14 5 3 3 0 -1
15 5 1 3 0 3
haar_x3
-5.930929e-003 0 -1
6.324772e-001 -1.814130e-001 
1
2
6 6 6 2 0 -1
8 6 2 2 0 3
haar_x3
-1.207732e-002 0 -1
5.238974e-001 -2.042166e-001 
1
2
10 11 9 1 0 -1
13 11 3 1 0 3
haar_x3
1.042380e-002 0 -1
1.118942e-001 -7.930409e-001 
1
2
7 5 2 4 0 -1
8 5 1 4 0 2
haar_x2
3.036110e-003 0 -1
-1.650611e-001 5.924848e-001 
1
2
9 11 6 1 0 -1
11 11 2 1 0 3
haar_x3
5.099777e-003 0 -1
1.138421e-001 -7.399761e-001 
1
2
6 8 2 1 0 -1
7 8 1 1 0 2
haar_x2
1.128069e-004 0 -1
-2.957805e-001 2.713600e-001 
1
2
14 4 3 5 0 -1
15 4 1 5 0 3
haar_x3
1.197661e-002 0 -1
-1.771060e-001 4.057042e-001 
1
2
5 3 11 2 0 -1
5 4 11 1 0 2
haar_y2
-4.081928e-002 0 -1
5.628943e-001 -1.468770e-001 
1
2
9 3 8 2 0 -1
9 4 8 1 0 2
haar_y2
9.821276e-003 0 -1
-1.172907e-001 6.635636e-001 
1
2
0 2 4 9 0 -1
2 2 2 9 0 2
haar_x2
-9.725586e-003 0 -1
2.462526e-001 -3.863257e-001 
1
2
12 6 1 6 0 -1
12 9 1 3 0 2
haar_y2
6.008339e-003 0 -1
-6.861287e-001 5.521941e-002 
1
2
6 6 9 3 0 -1
9 6 3 3 0 3
haar_x3
-3.439793e-002 0 -1
2.107828e-001 -3.467017e-001 
-1.335075e+000

39
-1
