25
1
2
6 0 12 9 0 -1
6 3 12 3 0 3
haar_y3
-1.846921e-001 0 -1
6.619677e-001 -3.807834e-001 
1
2
6 6 12 6 0 -1
10 6 4 6 0 3
haar_x3
-1.099202e-001 0 -1
3.352901e-001 -3.994625e-001 
1
2
10 3 3 3 0 -1
10 4 3 1 0 3
haar_y3
-1.596771e-002 0 -1
5.674357e-001 -1.398082e-001 
1
2
7 2 10 9 0 -1
7 5 10 3 0 3
haar_y3
-3.760342e-001 0 -1
5.683008e-001 -1.437888e-001 
1
2
1 5 6 7 0 -1
3 5 2 7 0 3
haar_x3
-7.959092e-003 0 -1
2.657101e-001 -3.116511e-001 
1
2
17 9 6 1 0 -1
19 9 2 1 0 3
haar_x3
-1.066727e-002 0 -1
-6.231808e-001 6.144687e-002 
1
2
5 2 12 3 0 -1
5 3 12 1 0 3
haar_y3
-3.476148e-002 0 -1
5.588521e-001 -1.307944e-001 
1
2
8 4 9 8 0 -1
8 8 9 4 0 2
haar_y2
9.873989e-003 0 -1
-6.346703e-001 1.123826e-001 
1
2
5 7 4 1 0 -1
7 7 2 1 0 2
haar_x2
6.268047e-003 0 -1
-1.788871e-001 4.867327e-001 
1
2
10 6 9 2 0 -1
13 6 3 2 0 3
haar_x3
-5.285058e-002 0 -1
3.582199e-001 -6.612939e-002 
1
2
5 6 9 2 0 -1
8 6 3 2 0 3
haar_x3
-2.812763e-002 0 -1
4.058562e-001 -1.963614e-001 
1
2
18 10 2 1 0 -1
18 10 1 1 0 2
haar_x2
-1.244742e-004 0 -1
1.728424e-001 -3.007499e-001 
1
3
7 2 2 2 0 -1
7 2 1 1 0 2
8 3 1 1 0 2
haar_x2_y2
1.615644e-003 0 -1
-1.387349e-001 4.822572e-001 
1
2
14 0 6 3 0 -1
16 0 2 3 0 3
haar_x3
-2.098189e-002 0 -1
-5.189456e-001 6.771080e-002 
1
2
4 0 6 3 0 -1
6 0 2 3 0 3
haar_x3
9.031185e-003 0 -1
1.156189e-001 -5.839225e-001 
1
2
23 8 1 4 0 -1
23 10 1 2 0 2
haar_y2
8.464258e-005 0 -1
-3.310579e-001 1.576207e-001 
1
2
0 8 1 4 0 -1
0 10 1 2 0 2
haar_y2
1.907863e-004 0 -1
-3.401762e-001 1.948527e-001 
1
3
19 10 2 2 0 -1
20 10 1 1 0 2
19 11 1 1 0 2
haar_x2_y2
-1.598338e-003 0 -1
-7.100997e-001 4.452705e-002 
1
2
9 7 6 2 0 -1
11 7 2 2 0 3
haar_x3
-8.659283e-003 0 -1
1.942880e-001 -3.220123e-001 
1
3
18 10 2 2 0 -1
19 10 1 1 0 2
18 11 1 1 0 2
haar_x2_y2
1.899341e-003 0 -1
3.561754e-002 -7.413155e-001 
1
2
0 1 10 2 0 -1
0 2 10 1 0 2
haar_y2
-1.252999e-003 0 -1
1.773285e-001 -3.326249e-001 
1
3
15 1 2 2 0 -1
16 1 1 1 0 2
15 2 1 1 0 2
haar_x2_y2
1.925823e-003 0 -1
-1.167165e-001 5.040087e-001 
1
3
4 10 2 2 0 -1
4 10 1 1 0 2
5 11 1 1 0 2
haar_x2_y2
-7.368289e-004 0 -1
-5.769120e-001 1.052033e-001 
1
2
10 5 4 3 0 -1
10 6 4 1 0 3
haar_y3
4.327331e-003 0 -1
-1.589340e-001 4.507530e-001 
1
2
10 5 2 3 0 -1
10 6 2 1 0 3
haar_y3
-5.746635e-003 0 -1
3.157157e-001 -2.181251e-001 
-1.343548e+000

38
-1
