12
1
3
4 1 4 8 0 -1
4 1 2 4 0 2
6 5 2 4 0 2
haar_x2_y2
1.048973e-002 0 -1
-4.418285e-001 3.849074e-001 
1
2
14 2 6 10 0 -1
14 7 6 5 0 2
haar_y2
2.751535e-002 0 -1
-5.901085e-001 1.572642e-001 
1
2
6 0 12 3 0 -1
10 0 4 3 0 3
haar_x3
-3.000990e-002 0 -1
-5.950616e-001 2.216420e-001 
1
2
6 7 12 1 0 -1
10 7 4 1 0 3
haar_x3
-4.660701e-002 0 -1
2.444268e-001 -4.524908e-001 
1
2
0 5 4 3 0 -1
2 5 2 3 0 2
haar_x2
-4.308634e-003 0 -1
2.607058e-001 -4.879479e-001 
1
2
13 4 3 8 0 -1
13 8 3 4 0 2
haar_y2
2.282282e-002 0 -1
-5.303460e-001 7.495833e-002 
1
2
6 4 12 8 0 -1
10 4 4 8 0 3
haar_x3
-1.097717e-001 0 -1
1.265905e-001 -7.827789e-001 
1
3
7 2 10 10 0 -1
12 2 5 5 0 2
7 7 5 5 0 2
haar_x2_y2
-6.221682e-002 0 -1
-6.716195e-001 1.445883e-001 
1
2
4 10 9 2 0 -1
7 10 3 2 0 3
haar_x3
2.165407e-002 0 -1
9.158047e-002 -9.054171e-001 
1
2
0 3 24 5 0 -1
8 3 8 5 0 3
haar_x3
-5.311648e-001 0 -1
-8.560352e-001 7.639968e-002 
1
2
6 5 3 4 0 -1
7 5 1 4 0 3
haar_x3
-7.497204e-003 0 -1
6.619342e-001 -1.378374e-001 
1
2
14 6 3 1 0 -1
15 6 1 1 0 3
haar_x3
-4.141526e-003 0 -1
7.610035e-001 -1.620343e-001 
-9.662673e-001

42
-1
