48
1
3
6 7 14 6 0 -1
6 7 7 3 0 2
13 10 7 3 0 2
haar_x2_y2
-7.205068e-003 0 -1
2.457406e-001 -4.336970e-001 
1
2
16 10 12 6 0 -1
19 10 6 6 0 2
haar_x4
-9.810603e-004 0 -1
1.591411e-001 -5.154263e-001 
1
3
2 0 12 6 0 -1
2 0 6 3 0 2
8 3 6 3 0 2
haar_x2_y2
-2.650090e-003 0 -1
1.324206e-001 -5.459638e-001 
1
2
17 0 6 15 0 -1
19 0 2 15 0 3
haar_x3
3.419945e-003 0 -1
1.052424e-001 -3.287822e-001 
1
2
12 0 6 15 0 -1
14 0 2 15 0 3
haar_x3
1.477733e-003 0 -1
1.565842e-001 -4.707569e-001 
1
2
3 3 32 10 0 -1
11 3 16 10 0 2
haar_x4
5.199516e-003 0 -1
-3.530134e-001 1.151925e-001 
1
3
0 0 10 14 0 -1
0 0 5 7 0 2
5 7 5 7 0 2
haar_x2_y2
-5.014690e-003 0 -1
1.819670e-001 -3.249131e-001 
1
2
22 10 6 6 0 -1
22 10 3 6 0 2
haar_x2
3.524875e-003 0 -1
6.269344e-002 -3.131635e-001 
1
2
7 10 6 6 0 -1
10 10 3 6 0 2
haar_x2
2.059752e-003 0 -1
1.581392e-001 -3.433535e-001 
1
2
19 0 8 5 0 -1
19 0 4 5 0 2
haar_x2
4.726270e-004 0 -1
-4.911664e-001 1.142315e-001 
1
2
4 4 9 6 0 -1
4 6 9 2 0 3
haar_y3
8.358959e-003 0 -1
-1.774395e-001 3.573932e-001 
1
2
12 5 11 6 0 -1
12 7 11 2 0 3
haar_y3
2.538933e-003 0 -1
1.534633e-001 -4.964649e-001 
1
2
11 0 6 7 0 -1
14 0 3 7 0 2
haar_x2
-2.285492e-004 0 -1
-7.563546e-001 6.446583e-002 
1
3
15 9 16 6 0 -1
23 9 8 3 0 2
15 12 8 3 0 2
haar_x2_y2
-2.759984e-003 0 -1
5.255911e-002 -5.117847e-001 
1
2
8 8 12 8 0 -1
8 12 12 4 0 2
haar_y2
3.845945e-003 0 -1
-7.175623e-001 6.007507e-002 
1
2
14 5 7 9 0 -1
14 8 7 3 0 3
haar_y3
-6.623417e-003 0 -1
-3.469053e-001 1.314089e-001 
1
2
6 0 15 4 0 -1
11 0 5 4 0 3
haar_x3
-1.040677e-002 0 -1
-4.645211e-001 8.777700e-002 
1
2
16 3 4 9 0 -1
16 3 2 9 0 2
haar_x2
-1.984093e-002 0 -1
7.265199e-001 -6.775970e-002 
1
2
10 10 14 6 0 -1
10 12 14 2 0 3
haar_y3
-1.060773e-003 0 -1
-4.430950e-001 1.120011e-001 
1
2
21 2 8 12 0 -1
23 2 4 12 0 2
haar_x4
-9.587936e-005 0 -1
6.752608e-002 -1.954711e-001 
1
2
9 1 16 6 0 -1
9 3 16 2 0 3
haar_y3
-5.433810e-003 0 -1
1.831435e-001 -2.158251e-001 
1
2
21 2 6 7 0 -1
21 2 3 7 0 2
tilted_haar_y2
-9.475354e-003 0 -1
-3.107538e-001 2.960275e-002 
1
2
7 3 18 13 0 -1
16 3 9 13 0 2
haar_x2
-4.617156e-002 0 -1
-6.768711e-001 5.300853e-002 
1
2
21 2 9 6 0 -1
21 4 9 2 0 3
haar_y3
-3.361928e-002 0 -1
4.244674e-001 -6.846305e-002 
1
2
5 2 9 6 0 -1
5 4 9 2 0 3
haar_y3
1.024893e-002 0 -1
-1.002882e-001 3.912769e-001 
1
3
7 7 22 6 0 -1
18 7 11 3 0 2
7 10 11 3 0 2
haar_x2_y2
2.681568e-003 0 -1
1.887577e-001 -2.822308e-001 
1
3
1 6 10 10 0 -1
1 6 5 5 0 2
6 11 5 5 0 2
haar_x2_y2
2.695361e-003 0 -1
-3.107165e-001 1.347042e-001 
1
2
28 4 7 12 0 -1
28 10 7 6 0 2
haar_y2
2.443254e-003 0 -1
-4.250255e-001 5.080067e-002 
1
2
0 2 6 12 0 -1
0 5 6 6 0 2
haar_y4
6.291485e-003 0 -1
7.975991e-002 -4.599732e-001 
1
2
20 3 9 11 0 -1
23 3 3 11 0 3
haar_x3
-8.263165e-002 0 -1
-5.219261e-001 9.554341e-003 
1
2
6 3 9 11 0 -1
9 3 3 11 0 3
haar_x3
-3.314399e-003 0 -1
1.461140e-001 -2.846017e-001 
1
3
7 0 28 10 0 -1
21 0 14 5 0 2
7 5 14 5 0 2
haar_x2_y2
3.262642e-002 0 -1
5.607360e-002 -4.048419e-001 
1
3
0 0 32 10 0 -1
0 0 16 5 0 2
16 5 16 5 0 2
haar_x2_y2
1.833749e-002 0 -1
1.266425e-001 -3.553881e-001 
1
2
16 0 8 15 0 -1
18 0 4 15 0 2
haar_x4
-1.963391e-003 0 -1
1.155749e-001 -9.202245e-002 
1
2
15 4 4 10 0 -1
17 4 2 10 0 2
haar_x2
2.670840e-003 0 -1
-3.282199e-001 1.860246e-001 
1
3
10 9 22 4 0 -1
21 9 11 2 0 2
10 11 11 2 0 2
haar_x2_y2
1.076538e-003 0 -1
4.245679e-002 -1.686701e-001 
1
3
3 9 22 4 0 -1
3 9 11 2 0 2
14 11 11 2 0 2
haar_x2_y2
1.757498e-003 0 -1
9.432100e-002 -3.822691e-001 
1
2
22 5 9 6 0 -1
22 7 9 2 0 3
haar_y3
-3.204353e-002 0 -1
3.741018e-001 -1.022043e-001 
1
2
7 3 20 4 0 -1
17 3 10 4 0 2
haar_x2
1.119457e-002 0 -1
1.510880e-001 -2.665511e-001 
1
2
22 5 9 6 0 -1
22 7 9 2 0 3
haar_y3
2.165401e-002 0 -1
-2.607753e-002 5.977695e-001 
1
2
7 1 9 6 0 -1
7 1 9 3 0 2
tilted_haar_y2
1.174647e-002 0 -1
6.178327e-002 -6.158327e-001 
1
2
13 8 10 7 0 -1
13 8 5 7 0 2
haar_x2
-4.867399e-002 0 -1
5.498751e-001 -5.859993e-002 
1
2
6 6 21 10 0 -1
13 6 7 10 0 3
haar_x3
-9.931189e-003 0 -1
-5.974780e-001 6.627843e-002 
1
2
22 5 9 6 0 -1
22 7 9 2 0 3
haar_y3
-5.327457e-002 0 -1
3.756535e-001 -3.868914e-002 
1
3
0 12 34 4 0 -1
0 12 17 2 0 2
17 14 17 2 0 2
haar_x2_y2
-6.738407e-003 0 -1
-3.141412e-001 1.096230e-001 
1
2
22 5 9 6 0 -1
22 7 9 2 0 3
haar_y3
-9.583164e-003 0 -1
1.031273e-001 -1.022981e-001 
1
2
4 5 9 6 0 -1
4 7 9 2 0 3
haar_y3
6.597691e-003 0 -1
-7.681773e-002 5.737854e-001 
1
2
26 12 9 4 0 -1
26 14 9 2 0 2
haar_y2
-7.093579e-003 0 -1
-5.453878e-001 6.177355e-002 
-1.533504e+000
