17
1
3
7 6 2 2 0 -1
7 6 1 1 0 2
8 7 1 1 0 2
haar_x2_y2
3.276161e-003 0 -1
-7.272078e-001 1.507430e-001 
1
3
10 0 8 8 0 -1
14 0 4 4 0 2
10 4 4 4 0 2
haar_x2_y2
-1.463198e-002 0 -1
-2.182033e-003 -5.671914e-001 
1
3
6 1 8 8 0 -1
6 1 4 4 0 2
10 5 4 4 0 2
haar_x2_y2
-2.552336e-002 0 -1
2.582592e-001 -4.603667e-001 
1
2
9 8 11 4 0 -1
9 10 11 2 0 2
haar_y2
3.925077e-002 0 -1
-2.439938e-001 2.637952e-001 
1
3
7 3 2 2 0 -1
7 3 1 1 0 2
8 4 1 1 0 2
haar_x2_y2
-2.510145e-003 0 -1
5.727051e-001 -1.863241e-001 
1
3
15 3 2 2 0 -1
16 3 1 1 0 2
15 4 1 1 0 2
haar_x2_y2
-3.348827e-003 0 -1
6.377214e-001 -6.624752e-002 
1
3
7 3 2 2 0 -1
7 3 1 1 0 2
8 4 1 1 0 2
haar_x2_y2
3.231379e-003 0 -1
-1.244444e-001 7.593009e-001 
1
2
20 6 2 6 0 -1
20 9 2 3 0 2
haar_y2
7.162930e-003 0 -1
-3.750857e-001 2.218623e-001 
1
2
3 6 1 6 0 -1
3 9 1 3 0 2
haar_y2
4.307807e-004 0 -1
-4.940603e-001 1.910004e-001 
1
2
10 5 8 3 0 -1
10 6 8 1 0 3
haar_y3
-1.475282e-002 0 -1
2.803037e-001 -1.481015e-001 
1
2
6 1 12 10 0 -1
10 1 4 10 0 3
haar_x3
-1.747915e-001 0 -1
3.489590e-001 -2.336165e-001 
1
3
15 6 2 2 0 -1
16 6 1 1 0 2
15 7 1 1 0 2
haar_x2_y2
2.749991e-003 0 -1
-1.274318e-001 5.064161e-001 
1
2
3 11 9 1 0 -1
6 11 3 1 0 3
haar_x3
-1.202962e-002 0 -1
-8.265061e-001 1.188819e-001 
1
3
15 6 2 2 0 -1
16 6 1 1 0 2
15 7 1 1 0 2
haar_x2_y2
-2.494940e-003 0 -1
5.766633e-001 -1.416966e-001 
1
3
7 6 2 2 0 -1
7 6 1 1 0 2
8 7 1 1 0 2
haar_x2_y2
-2.328869e-003 0 -1
6.149465e-001 -1.299527e-001 
1
2
8 10 9 2 0 -1
11 10 3 2 0 3
haar_x3
-2.484519e-002 0 -1
-8.000373e-001 1.460377e-001 
1
2
3 3 6 9 0 -1
3 6 6 3 0 3
haar_y3
-1.266828e-001 0 -1
5.011094e-001 -1.899348e-001 
-1.876133e+000

12
17
