21
1
2
8 2 3 8 0 -1
8 6 3 4 0 2
haar_y2
1.305203e-002 0 -1
-4.283514e-001 4.459541e-001 
1
2
9 0 9 3 0 -1
12 0 3 3 0 3
haar_x3
2.426872e-002 0 -1
8.822758e-002 -5.868023e-001 
1
2
7 5 3 3 0 -1
8 5 1 3 0 3
haar_x3
8.254705e-003 0 -1
-2.379860e-001 4.675397e-001 
1
2
18 1 4 6 0 -1
18 4 4 3 0 2
haar_y2
-1.318237e-002 0 -1
2.082178e-001 -2.684421e-001 
1
2
1 1 5 6 0 -1
1 4 5 3 0 2
haar_y2
-1.527914e-002 0 -1
2.450254e-001 -4.574414e-001 
1
2
9 0 9 3 0 -1
12 0 3 3 0 3
haar_x3
-2.362858e-002 0 -1
-5.226355e-001 1.080898e-001 
1
2
6 0 9 3 0 -1
9 0 3 3 0 3
haar_x3
-2.342214e-002 0 -1
-7.236235e-001 1.382201e-001 
1
2
8 3 12 5 0 -1
8 3 6 5 0 2
haar_x2
-6.100725e-002 0 -1
2.111146e-001 -1.102329e-001 
1
2
6 3 10 5 0 -1
11 3 5 5 0 2
haar_x2
-6.181565e-002 0 -1
1.337322e-001 -6.661357e-001 
1
2
10 3 4 3 0 -1
10 4 4 1 0 3
haar_y3
-2.546505e-002 0 -1
6.209322e-001 -1.792962e-001 
1
2
0 0 1 12 0 -1
0 4 1 4 0 3
haar_y3
-3.979970e-002 0 -1
-7.902266e-001 1.251530e-001 
1
2
23 8 1 4 0 -1
23 10 1 2 0 2
haar_y2
1.996341e-004 0 -1
-2.887296e-001 1.111694e-001 
1
2
0 8 1 4 0 -1
0 10 1 2 0 2
haar_y2
4.084336e-004 0 -1
-3.503183e-001 2.697182e-001 
1
2
14 6 1 3 0 -1
14 7 1 1 0 3
haar_y3
-1.603243e-003 0 -1
1.938823e-001 -1.777024e-001 
1
3
7 4 2 2 0 -1
7 4 1 1 0 2
8 5 1 1 0 2
haar_x2_y2
-1.407622e-003 0 -1
3.896293e-001 -1.971084e-001 
1
3
15 5 2 2 0 -1
16 5 1 1 0 2
15 6 1 1 0 2
haar_x2_y2
-2.048957e-003 0 -1
3.913802e-001 -1.309569e-001 
1
2
4 4 2 6 0 -1
4 6 2 2 0 3
haar_y3
-2.513258e-002 0 -1
4.754126e-001 -1.550581e-001 
1
2
15 1 9 6 0 -1
15 3 9 2 0 3
haar_y3
-3.046925e-003 0 -1
1.265687e-001 -1.970937e-001 
1
2
0 1 9 6 0 -1
0 3 9 2 0 3
haar_y3
-5.086430e-002 0 -1
4.750974e-001 -1.928391e-001 
1
2
4 1 20 11 0 -1
4 1 10 11 0 2
haar_x2
4.960171e-001 0 -1
1.339910e-002 -9.999893e-001 
1
2
0 1 22 11 0 -1
11 1 11 11 0 2
haar_x2
-6.938272e-001 0 -1
7.329602e-001 -1.245048e-001 
-1.307155e+000

51
-1
