17
1
2
6 7 12 1 0 -1
10 7 4 1 0 3
haar_x3
-3.244685e-002 0 -1
3.634031e-001 -5.820193e-001 
1
2
8 4 12 8 0 -1
8 8 12 4 0 2
haar_y2
7.920796e-002 0 -1
-5.081335e-001 1.680456e-001 
1
2
0 5 9 4 0 -1
3 5 3 4 0 3
haar_x3
-2.733732e-002 0 -1
3.266340e-001 -3.741808e-001 
1
2
0 3 24 5 0 -1
8 3 8 5 0 3
haar_x3
-2.560237e-001 0 -1
2.473322e-001 -3.454826e-001 
1
3
7 5 2 2 0 -1
7 5 1 1 0 2
8 6 1 1 0 2
haar_x2_y2
-2.110981e-003 0 -1
5.263827e-001 -1.481004e-001 
1
2
15 5 3 3 0 -1
16 5 1 3 0 3
haar_x3
1.231594e-002 0 -1
-1.583370e-001 6.214085e-001 
1
2
6 5 3 3 0 -1
7 5 1 3 0 3
haar_x3
-4.894769e-003 0 -1
5.335044e-001 -1.526876e-001 
1
3
17 10 2 2 0 -1
18 10 1 1 0 2
17 11 1 1 0 2
haar_x2_y2
-1.155597e-003 0 -1
-6.114798e-001 7.738925e-002 
1
3
5 10 2 2 0 -1
5 10 1 1 0 2
6 11 1 1 0 2
haar_x2_y2
-1.120719e-003 0 -1
-7.829169e-001 8.407460e-002 
1
2
14 0 10 9 0 -1
14 3 10 3 0 3
haar_y3
-2.183334e-002 0 -1
1.199317e-001 -6.410085e-001 
1
2
5 5 6 2 0 -1
7 5 2 2 0 3
haar_x3
4.062640e-002 0 -1
-1.625225e-001 6.163673e-001 
1
2
14 5 3 1 0 -1
15 5 1 1 0 3
haar_x3
4.645763e-003 0 -1
-1.103308e-001 5.777221e-001 
1
2
8 6 8 3 0 -1
12 6 4 3 0 2
haar_x2
-6.489395e-002 0 -1
6.078451e-001 -1.195128e-001 
1
2
21 7 3 4 0 -1
21 9 3 2 0 2
haar_y2
4.137318e-003 0 -1
-2.875407e-001 2.702894e-001 
1
2
0 2 4 9 0 -1
0 5 4 3 0 3
haar_y3
-2.962283e-002 0 -1
2.575812e-001 -3.380077e-001 
1
2
14 5 3 1 0 -1
15 5 1 1 0 3
haar_x3
-2.003304e-003 0 -1
4.577225e-001 -1.640193e-001 
1
2
7 4 3 4 0 -1
8 4 1 4 0 3
haar_x3
-8.489208e-003 0 -1
6.126813e-001 -1.533969e-001 
-1.355745e+000

45
-1
