13
1
2
6 6 12 3 0 -1
10 6 4 3 0 3
haar_x3
-9.478122e-002 0 -1
5.786128e-001 -5.915300e-001 
1
2
20 6 4 2 0 -1
20 6 2 2 0 2
haar_x2
-3.776691e-003 0 -1
3.218845e-001 -5.057198e-001 
1
2
0 6 4 2 0 -1
2 6 2 2 0 2
haar_x2
-5.432207e-003 0 -1
4.150392e-001 -5.299802e-001 
1
2
11 6 2 6 0 -1
11 9 2 3 0 2
haar_y2
2.258507e-002 0 -1
-5.569648e-001 3.500502e-001 
1
2
7 3 10 3 0 -1
7 4 10 1 0 3
haar_y3
-3.440470e-002 0 -1
6.345496e-001 -2.983556e-001 
1
2
6 3 12 9 0 -1
10 3 4 9 0 3
haar_x3
-1.197933e-001 0 -1
2.416474e-001 -5.492789e-001 
1
2
0 1 6 4 0 -1
0 3 6 2 0 2
haar_y2
-3.739444e-003 0 -1
2.343139e-001 -5.553993e-001 
1
2
19 0 5 6 0 -1
19 3 5 3 0 2
haar_y2
-6.512720e-003 0 -1
1.884728e-001 -5.333187e-001 
1
3
8 7 2 2 0 -1
8 7 1 1 0 2
9 8 1 1 0 2
haar_x2_y2
2.604981e-003 0 -1
-1.889230e-001 7.246140e-001 
1
2
19 0 5 6 0 -1
19 3 5 3 0 2
haar_y2
-7.511064e-002 0 -1
-6.043006e-001 1.038007e-001 
1
2
0 0 5 6 0 -1
0 3 5 3 0 2
haar_y2
-7.422216e-002 0 -1
-8.505313e-001 1.464900e-001 
1
2
11 4 3 3 0 -1
11 5 3 1 0 3
haar_y3
-1.440905e-002 0 -1
6.679024e-001 -2.119418e-001 
1
2
3 8 11 4 0 -1
3 10 11 2 0 2
haar_y2
7.396224e-003 0 -1
-5.889379e-001 2.086431e-001 
-1.618068e+000

9
-1
