17
1
2
6 6 12 5 0 -1
10 6 4 5 0 3
haar_x3
-4.879278e-002 0 -1
4.340200e-001 -6.356491e-001 
1
2
9 1 12 4 0 -1
9 3 12 2 0 2
haar_y2
-4.643833e-002 0 -1
3.335247e-001 -4.874717e-001 
1
2
0 4 12 8 0 -1
0 8 12 4 0 2
haar_y2
4.462292e-002 0 -1
-5.395994e-001 2.730982e-001 
1
3
15 6 6 4 0 -1
18 6 3 2 0 2
15 8 3 2 0 2
haar_x2_y2
-1.687897e-002 0 -1
4.129781e-001 -1.110868e-001 
1
3
3 6 6 4 0 -1
3 6 3 2 0 2
6 8 3 2 0 2
haar_x2_y2
-1.206907e-002 0 -1
4.915755e-001 -2.400743e-001 
1
2
10 10 9 2 0 -1
13 10 3 2 0 3
haar_x3
1.923444e-002 0 -1
1.056860e-001 -7.222036e-001 
1
2
5 10 9 2 0 -1
8 10 3 2 0 3
haar_x3
1.550467e-002 0 -1
1.743001e-001 -7.399389e-001 
1
2
10 7 9 1 0 -1
13 7 3 1 0 3
haar_x3
-1.671150e-002 0 -1
5.456743e-001 -2.323032e-001 
1
3
7 6 2 2 0 -1
7 6 1 1 0 2
8 7 1 1 0 2
haar_x2_y2
2.854856e-003 0 -1
-1.325401e-001 6.732665e-001 
1
2
15 6 3 1 0 -1
16 6 1 1 0 3
haar_x3
-2.172567e-003 0 -1
5.123226e-001 -1.222677e-001 
1
2
0 4 4 7 0 -1
2 4 2 7 0 2
haar_x2
-7.104410e-003 0 -1
2.750549e-001 -3.870404e-001 
1
3
14 7 6 2 0 -1
17 7 3 1 0 2
14 8 3 1 0 2
haar_x2_y2
6.489863e-003 0 -1
-6.545147e-002 2.737927e-001 
1
3
4 7 6 2 0 -1
4 7 3 1 0 2
7 8 3 1 0 2
haar_x2_y2
5.055264e-003 0 -1
-2.159901e-001 5.150626e-001 
1
2
15 6 2 1 0 -1
15 6 1 1 0 2
haar_x2
-3.103059e-003 0 -1
5.243248e-001 -1.644229e-001 
1
2
6 6 3 1 0 -1
7 6 1 1 0 3
haar_x3
-1.777522e-003 0 -1
5.039244e-001 -1.738259e-001 
1
2
12 9 1 2 0 -1
12 10 1 1 0 2
haar_y2
9.957916e-005 0 -1
-3.980198e-001 1.828730e-001 
1
2
9 11 6 1 0 -1
11 11 2 1 0 3
haar_x3
5.791118e-003 0 -1
1.168511e-001 -8.394631e-001 
-1.453220e+000

5
-1
