27
1
2
7 4 9 3 0 -1
7 5 9 1 0 3
haar_y3
-4.796099e-002 0 -1
-1.414634e-001 -6.878914e-001 
1
2
6 1 12 6 0 -1
6 3 12 2 0 3
haar_y3
-8.756661e-002 0 -1
-9.566134e-001 -3.112315e-002 
1
3
6 8 2 2 0 -1
6 8 1 1 0 2
7 9 1 1 0 2
haar_x2_y2
4.655577e-004 0 -1
1.404155e-001 -5.085058e-001 
1
2
9 0 6 3 0 -1
9 1 6 1 0 3
haar_y3
-1.584020e-002 0 -1
5.006835e-001 -1.386586e-001 
1
3
3 10 2 2 0 -1
3 10 1 1 0 2
4 11 1 1 0 2
haar_x2_y2
1.035682e-003 0 -1
8.590147e-002 -7.468068e-001 
1
2
9 0 7 3 0 -1
9 1 7 1 0 3
haar_y3
1.874189e-002 0 -1
-1.285289e-001 4.804772e-001 
1
2
4 0 6 3 0 -1
6 0 2 3 0 3
haar_x3
-1.695136e-002 0 -1
-5.077216e-001 1.063687e-001 
1
3
15 3 2 2 0 -1
16 3 1 1 0 2
15 4 1 1 0 2
haar_x2_y2
-2.649944e-003 0 -1
5.683168e-001 -1.790366e-001 
1
3
9 9 2 2 0 -1
9 9 1 1 0 2
10 10 1 1 0 2
haar_x2_y2
1.068780e-004 0 -1
-2.978119e-001 1.985163e-001 
1
2
15 0 6 3 0 -1
17 0 2 3 0 3
haar_x3
-2.327754e-002 0 -1
-5.647309e-001 3.862913e-002 
1
2
3 0 6 3 0 -1
5 0 2 3 0 3
haar_x3
1.062727e-002 0 -1
9.446432e-002 -5.589233e-001 
1
2
16 8 8 3 0 -1
16 9 8 1 0 3
haar_y3
1.016897e-002 0 -1
-7.839411e-002 2.202597e-001 
1
2
0 8 8 3 0 -1
0 9 8 1 0 3
haar_y3
-2.804818e-004 0 -1
2.099741e-001 -2.740397e-001 
1
2
19 6 1 3 0 -1
19 7 1 1 0 3
haar_y3
-2.301717e-003 0 -1
2.532773e-001 -1.230749e-001 
1
2
0 6 6 3 0 -1
0 7 6 1 0 3
haar_y3
-5.213552e-003 0 -1
3.074706e-001 -2.184582e-001 
1
2
15 10 4 2 0 -1
15 10 2 2 0 2
haar_x2
8.283598e-003 0 -1
2.072359e-002 -8.154818e-001 
1
2
5 10 4 2 0 -1
7 10 2 2 0 2
haar_x2
-1.648875e-003 0 -1
-3.182352e-001 1.665006e-001 
1
3
17 9 2 2 0 -1
18 9 1 1 0 2
17 10 1 1 0 2
haar_x2_y2
-2.265479e-003 0 -1
-8.535344e-001 3.588711e-002 
1
2
7 7 2 2 0 -1
8 7 1 2 0 2
haar_x2
2.994152e-003 0 -1
-1.282169e-001 4.651101e-001 
1
3
15 6 2 6 0 -1
16 6 1 3 0 2
15 9 1 3 0 2
haar_x2_y2
-4.002174e-003 0 -1
4.432136e-001 -1.052440e-001 
1
2
4 9 6 3 0 -1
7 9 3 3 0 2
haar_x2
2.335101e-002 0 -1
8.134608e-002 -8.097237e-001 
1
3
15 6 2 6 0 -1
16 6 1 3 0 2
15 9 1 3 0 2
haar_x2_y2
1.169599e-002 0 -1
-1.168137e-001 5.715649e-001 
1
3
6 0 4 8 0 -1
6 0 2 4 0 2
8 4 2 4 0 2
haar_x2_y2
-2.439329e-002 0 -1
2.907141e-001 -2.440981e-001 
1
2
17 1 7 4 0 -1
17 3 7 2 0 2
haar_y2
-7.097441e-003 0 -1
1.912448e-001 -3.071159e-001 
1
3
11 10 2 2 0 -1
11 10 1 1 0 2
12 11 1 1 0 2
haar_x2_y2
-1.007767e-003 0 -1
-6.460483e-001 8.695552e-002 
1
3
11 10 2 2 0 -1
12 10 1 1 0 2
11 11 1 1 0 2
haar_x2_y2
-1.408099e-003 0 -1
-7.995313e-001 5.646470e-002 
1
3
0 0 16 2 0 -1
0 0 8 1 0 2
8 1 8 1 0 2
haar_x2_y2
-2.140024e-002 0 -1
4.586042e-001 -1.249414e-001 
-1.821055e+000

62
78
