13
1
2
5 7 9 1 0 -1
8 7 3 1 0 3
haar_x3
4.278435e-002 0 -1
-6.263820e-001 4.598863e-001 
1
2
15 1 7 4 0 -1
15 3 7 2 0 2
haar_y2
-1.604763e-002 0 -1
1.524433e-001 -5.279794e-001 
1
2
3 3 12 5 0 -1
9 3 6 5 0 2
haar_x2
-1.427503e-001 0 -1
-9.560273e-001 1.461035e-001 
1
2
18 3 6 9 0 -1
18 3 3 9 0 2
haar_x2
3.037320e-002 0 -1
5.152620e-002 -7.074208e-001 
1
2
0 4 4 8 0 -1
2 4 2 8 0 2
haar_x2
-1.073782e-002 0 -1
1.997836e-001 -6.684672e-001 
1
2
6 3 12 6 0 -1
10 3 4 6 0 3
haar_x3
-1.092848e-001 0 -1
3.264073e-001 -4.199811e-001 
1
2
0 0 9 5 0 -1
3 0 3 5 0 3
haar_x3
-4.415008e-002 0 -1
-7.595668e-001 1.346880e-001 
1
3
15 4 2 2 0 -1
16 4 1 1 0 2
15 5 1 1 0 2
haar_x2_y2
-3.072589e-003 0 -1
6.452692e-001 -1.753724e-001 
1
3
7 4 2 2 0 -1
7 4 1 1 0 2
8 5 1 1 0 2
haar_x2_y2
4.138335e-003 0 -1
-1.274936e-001 7.378190e-001 
1
2
17 1 6 2 0 -1
19 1 2 2 0 3
haar_x3
-1.981488e-002 0 -1
-7.737827e-001 6.157964e-002 
1
2
1 1 6 2 0 -1
3 1 2 2 0 3
haar_x3
1.207551e-002 0 -1
1.209615e-001 -8.235711e-001 
1
2
11 6 6 2 0 -1
13 6 2 2 0 3
haar_x3
2.760387e-002 0 -1
-8.774272e-002 6.532909e-001 
1
2
3 1 6 4 0 -1
3 3 6 2 0 2
haar_y2
-1.251903e-002 0 -1
1.541191e-001 -6.870203e-001 
-1.394440e+000

76
95
