13
1
2
4 6 4 2 0 -1
6 6 2 2 0 2
haar_x2
6.981718e-003 0 -1
-4.195955e-001 6.392678e-001 
1
2
6 4 12 8 0 -1
10 4 4 8 0 3
haar_x3
-1.092664e-001 0 -1
2.554770e-001 -6.156720e-001 
1
2
8 3 8 2 0 -1
8 4 8 1 0 2
haar_y2
-4.288957e-002 0 -1
7.436306e-001 -1.839777e-001 
1
2
14 3 10 2 0 -1
14 3 5 2 0 2
haar_x2
-1.184121e-002 0 -1
1.921386e-001 -4.414288e-001 
1
2
0 2 4 8 0 -1
2 2 2 8 0 2
haar_x2
-1.604021e-002 0 -1
2.631732e-001 -4.424196e-001 
1
2
11 6 2 6 0 -1
11 9 2 3 0 2
haar_y2
2.557060e-002 0 -1
-4.687101e-001 2.560988e-001 
1
2
6 5 3 2 0 -1
7 5 1 2 0 3
haar_x3
-2.443598e-003 0 -1
5.643389e-001 -2.033505e-001 
1
2
5 7 15 1 0 -1
10 7 5 1 0 3
haar_x3
-6.466901e-002 0 -1
5.168331e-001 -2.241443e-001 
1
2
3 0 9 3 0 -1
6 0 3 3 0 3
haar_x3
8.585796e-003 0 -1
2.385934e-001 -5.466946e-001 
1
3
15 6 2 2 0 -1
16 6 1 1 0 2
15 7 1 1 0 2
haar_x2_y2
2.158438e-003 0 -1
-1.887897e-001 5.733128e-001 
1
3
7 6 2 2 0 -1
7 6 1 1 0 2
8 7 1 1 0 2
haar_x2_y2
1.751170e-003 0 -1
-1.682699e-001 5.626217e-001 
1
3
15 6 2 2 0 -1
16 6 1 1 0 2
15 7 1 1 0 2
haar_x2_y2
-1.797169e-003 0 -1
6.195753e-001 -2.357918e-001 
1
2
1 8 11 4 0 -1
1 10 11 2 0 2
haar_y2
7.451244e-005 0 -1
-6.401836e-001 1.912754e-001 
-1.393315e+000

24
-1
