40
1
2
5 13 24 3 0 -1
11 13 12 3 0 2
haar_x4
-3.428161e-003 0 -1
3.029497e-001 -4.326062e-001 
1
2
17 0 8 16 0 -1
19 0 4 16 0 2
haar_x4
-1.239649e-003 0 -1
1.910958e-001 -5.289526e-001 
1
2
10 0 8 16 0 -1
12 0 4 16 0 2
haar_x4
-4.497230e-005 0 -1
1.596038e-001 -5.741954e-001 
1
2
22 0 4 15 0 -1
22 0 2 15 0 2
haar_x2
-3.334287e-003 0 -1
-4.566381e-001 1.059656e-001 
1
2
0 0 14 3 0 -1
7 0 7 3 0 2
haar_x2
4.230133e-003 0 -1
-4.470457e-001 1.875265e-001 
1
2
19 0 6 6 0 -1
19 0 3 6 0 2
haar_x2
1.740668e-004 0 -1
-6.605212e-001 1.105709e-001 
1
2
10 0 6 6 0 -1
13 0 3 6 0 2
haar_x2
2.043523e-004 0 -1
-6.190929e-001 1.058629e-001 
1
3
16 4 14 6 0 -1
23 4 7 3 0 2
16 7 7 3 0 2
haar_x2_y2
-8.597814e-004 0 -1
-3.849498e-001 1.613466e-001 
1
2
17 1 4 9 0 -1
17 1 2 9 0 2
tilted_haar_x2
-1.739877e-004 0 -1
1.077973e-001 -6.208041e-001 
1
2
22 0 5 12 0 -1
22 6 5 6 0 2
haar_y2
3.336100e-003 0 -1
1.168925e-001 -4.625949e-001 
1
2
4 3 9 6 0 -1
4 5 9 2 0 3
haar_y3
7.048245e-003 0 -1
-2.373205e-001 2.463478e-001 
1
2
22 2 9 6 0 -1
22 4 9 2 0 3
haar_y3
-3.711804e-002 0 -1
4.767575e-001 -6.194786e-002 
1
2
13 8 9 6 0 -1
13 10 9 2 0 3
haar_y3
-3.185357e-003 0 -1
-4.755665e-001 1.626090e-001 
1
2
22 2 9 6 0 -1
22 4 9 2 0 3
haar_y3
6.674985e-002 0 -1
-4.103358e-002 7.713681e-001 
1
2
11 11 9 4 0 -1
11 13 9 2 0 2
haar_y2
-1.799736e-003 0 -1
-5.724285e-001 1.199898e-001 
1
2
22 2 9 6 0 -1
22 4 9 2 0 3
haar_y3
-6.571104e-002 0 -1
4.491274e-001 -4.561696e-002 
1
3
2 1 30 8 0 -1
2 1 15 4 0 2
17 5 15 4 0 2
haar_x2_y2
-1.972882e-002 0 -1
-3.903928e-001 1.345735e-001 
1
2
22 2 8 10 0 -1
24 2 4 10 0 2
haar_x4
5.300397e-003 0 -1
5.073930e-002 -3.052053e-001 
1
2
0 9 9 4 0 -1
0 11 9 2 0 2
haar_y2
1.979147e-003 0 -1
-4.263428e-001 1.106015e-001 
1
2
31 1 4 15 0 -1
31 6 4 5 0 3
haar_y3
-2.965670e-002 0 -1
-4.251484e-001 1.333736e-001 
1
2
4 5 9 6 0 -1
4 7 9 2 0 3
haar_y3
-3.499516e-002 0 -1
4.889403e-001 -1.143943e-001 
1
2
22 2 8 10 0 -1
24 2 4 10 0 2
haar_x4
-7.542670e-003 0 -1
-1.548523e-001 8.572567e-002 
1
2
5 2 8 10 0 -1
7 2 4 10 0 2
haar_x4
-1.124680e-003 0 -1
1.840917e-001 -2.883182e-001 
1
2
22 2 9 6 0 -1
22 4 9 2 0 3
haar_y3
-6.569701e-003 0 -1
1.499632e-001 -9.854884e-002 
1
2
4 2 9 6 0 -1
4 4 9 2 0 3
haar_y3
-4.680645e-002 0 -1
7.433552e-001 -6.446449e-002 
1
2
26 1 4 9 0 -1
26 1 2 9 0 2
tilted_haar_y2
1.314553e-002 0 -1
1.092679e-001 -1.950461e-001 
1
2
9 1 9 4 0 -1
9 1 9 2 0 2
tilted_haar_y2
9.619590e-003 0 -1
1.257791e-001 -3.600305e-001 
1
2
20 3 6 6 0 -1
20 3 3 6 0 2
tilted_haar_y2
-1.177249e-002 0 -1
-3.959351e-001 6.466412e-002 
1
2
13 1 8 6 0 -1
13 4 8 3 0 2
haar_y2
-5.788980e-003 0 -1
1.581373e-001 -3.666753e-001 
1
2
20 4 6 6 0 -1
20 4 3 6 0 2
tilted_haar_y2
2.037228e-002 0 -1
4.881449e-002 -2.415705e-001 
1
2
15 4 6 6 0 -1
15 4 6 3 0 2
tilted_haar_y2
-1.078028e-002 0 -1
-4.603487e-001 9.791018e-002 
1
2
15 4 8 6 0 -1
15 4 4 6 0 2
haar_x2
3.320374e-002 0 -1
-9.144656e-002 2.108663e-001 
1
2
0 4 5 12 0 -1
0 8 5 4 0 3
haar_y3
-6.582077e-002 0 -1
-8.174210e-001 5.753624e-002 
1
2
31 0 4 15 0 -1
31 0 2 15 0 2
haar_x2
8.601071e-003 0 -1
-9.563825e-002 2.392258e-001 
1
3
4 10 14 6 0 -1
4 10 7 3 0 2
11 13 7 3 0 2
haar_x2_y2
-8.999774e-004 0 -1
1.309437e-001 -3.362043e-001 
1
2
16 2 12 11 0 -1
19 2 6 11 0 2
haar_x4
9.169927e-002 0 -1
-2.723137e-002 9.557453e-001 
1
2
4 7 10 6 0 -1
4 9 10 2 0 3
haar_y3
3.822162e-003 0 -1
-1.126120e-001 3.355133e-001 
1
2
16 5 12 11 0 -1
20 5 4 11 0 3
haar_x3
-2.013012e-001 0 -1
-9.346994e-001 1.114547e-002 
1
2
7 5 12 10 0 -1
11 5 4 10 0 3
haar_x3
-5.575042e-003 0 -1
1.142985e-001 -3.437069e-001 
1
2
17 0 6 10 0 -1
19 0 2 10 0 3
haar_x3
-3.308292e-002 0 -1
-8.249893e-001 3.409816e-002 
-1.465221e+000
