18
1
2
5 0 12 9 0 -1
5 3 12 3 0 3
haar_y3
-1.985163e-001 0 -1
7.069036e-001 -3.927892e-001 
1
2
6 7 12 1 0 -1
10 7 4 1 0 3
haar_x3
-3.275310e-002 0 -1
5.248360e-001 -4.365942e-001 
1
2
6 6 10 6 0 -1
6 9 10 3 0 2
haar_y2
9.246496e-003 0 -1
-6.637083e-001 1.782644e-001 
1
2
20 3 4 9 0 -1
20 3 2 9 0 2
haar_x2
-8.785802e-004 0 -1
2.338027e-001 -4.321623e-001 
1
2
0 5 9 7 0 -1
3 5 3 7 0 3
haar_x3
-2.294838e-002 0 -1
3.150263e-001 -3.605238e-001 
1
2
15 10 4 1 0 -1
15 10 2 1 0 2
haar_x2
4.275851e-003 0 -1
1.376190e-002 -6.705200e-001 
1
2
4 10 12 1 0 -1
8 10 4 1 0 3
haar_x3
1.686350e-002 0 -1
9.687182e-002 -8.129253e-001 
1
3
15 6 2 2 0 -1
16 6 1 1 0 2
15 7 1 1 0 2
haar_x2_y2
2.449370e-003 0 -1
-1.569948e-001 5.416373e-001 
1
2
8 9 6 3 0 -1
11 9 3 3 0 2
haar_x2
1.911189e-002 0 -1
1.368776e-001 -7.396314e-001 
1
3
15 6 2 6 0 -1
16 6 1 3 0 2
15 9 1 3 0 2
haar_x2_y2
6.534934e-003 0 -1
-1.623031e-001 3.069983e-001 
1
2
8 2 4 3 0 -1
8 3 4 1 0 3
haar_y3
1.802673e-002 0 -1
-1.128783e-001 6.727616e-001 
1
2
7 2 10 3 0 -1
7 3 10 1 0 3
haar_y3
-2.355087e-002 0 -1
4.514343e-001 -1.536529e-001 
1
2
0 1 4 6 0 -1
0 4 4 3 0 2
haar_y2
1.338634e-002 0 -1
1.582205e-001 -4.996333e-001 
1
3
15 6 2 2 0 -1
16 6 1 1 0 2
15 7 1 1 0 2
haar_x2_y2
-1.722857e-003 0 -1
5.201652e-001 -1.953362e-001 
1
2
8 10 6 2 0 -1
10 10 2 2 0 3
haar_x3
-1.614773e-002 0 -1
-9.220593e-001 9.668776e-002 
1
3
15 6 2 2 0 -1
16 6 1 1 0 2
15 7 1 1 0 2
haar_x2_y2
4.739669e-003 0 -1
-7.902067e-002 5.192239e-001 
1
3
7 6 2 2 0 -1
7 6 1 1 0 2
8 7 1 1 0 2
haar_x2_y2
2.374544e-003 0 -1
-1.401529e-001 4.908967e-001 
1
2
19 11 2 1 0 -1
19 11 1 1 0 2
haar_x2
1.659372e-003 0 -1
1.167956e-001 -8.277985e-001 
-1.331457e+000

10
-1
