15
1
2
6 6 12 3 0 -1
10 6 4 3 0 3
haar_x3
-1.128170e-001 0 -1
4.489274e-001 -4.611802e-001 
1
2
16 5 6 3 0 -1
18 5 2 3 0 3
haar_x3
-1.223974e-002 0 -1
3.224630e-001 -2.610654e-001 
1
2
7 5 2 4 0 -1
8 5 1 4 0 2
haar_x2
4.781879e-003 0 -1
-2.127284e-001 5.851102e-001 
1
2
10 2 12 3 0 -1
10 2 6 3 0 2
haar_x2
-8.749720e-003 0 -1
1.417687e-001 -6.288316e-001 
1
3
7 5 2 2 0 -1
7 5 1 1 0 2
8 6 1 1 0 2
haar_x2_y2
-1.721635e-003 0 -1
4.956883e-001 -2.293270e-001 
1
2
8 6 12 6 0 -1
8 9 12 3 0 2
haar_y2
9.194714e-002 0 -1
-2.805468e-001 3.069570e-001 
1
3
4 6 4 6 0 -1
4 6 2 3 0 2
6 9 2 3 0 2
haar_x2_y2
-7.551875e-003 0 -1
2.873943e-001 -3.435470e-001 
1
3
2 0 22 4 0 -1
13 0 11 2 0 2
2 2 11 2 0 2
haar_x2_y2
-7.250527e-002 0 -1
-4.798839e-001 1.021649e-001 
1
2
0 3 4 6 0 -1
2 3 2 6 0 2
haar_x2
-1.406173e-002 0 -1
2.481085e-001 -3.793422e-001 
1
2
14 5 3 1 0 -1
15 5 1 1 0 3
haar_x3
-4.583912e-003 0 -1
5.598880e-001 -1.409656e-001 
1
2
5 5 6 3 0 -1
7 5 2 3 0 3
haar_x3
-1.227988e-002 0 -1
6.190349e-001 -1.633455e-001 
1
2
21 11 3 1 0 -1
22 11 1 1 0 3
haar_x3
1.931266e-003 0 -1
1.375835e-001 -6.159886e-001 
1
2
3 2 10 3 0 -1
8 2 5 3 0 2
haar_x2
-3.900521e-003 0 -1
1.330891e-001 -6.037442e-001 
1
3
15 4 2 2 0 -1
16 4 1 1 0 2
15 5 1 1 0 2
haar_x2_y2
2.242695e-003 0 -1
-1.526037e-001 4.429590e-001 
1
3
7 4 2 2 0 -1
7 4 1 1 0 2
8 5 1 1 0 2
haar_x2_y2
-2.840825e-003 0 -1
5.955907e-001 -1.310016e-001 
-1.130505e+000

72
-1
