15
1
2
8 4 6 3 0 -1
8 5 6 1 0 3
haar_y3
-3.499816e-002 0 -1
-3.414634e-002 -7.459278e-001 
1
2
6 1 12 6 0 -1
6 3 12 2 0 3
haar_y3
-9.729929e-002 0 -1
-9.963532e-001 -3.042159e-003 
1
3
7 3 2 2 0 -1
7 3 1 1 0 2
8 4 1 1 0 2
haar_x2_y2
-2.153648e-003 0 -1
3.948602e-001 -2.708068e-001 
1
2
14 0 6 2 0 -1
16 0 2 2 0 3
haar_x3
1.205649e-002 0 -1
1.240938e-001 -6.239163e-001 
1
2
3 7 12 1 0 -1
7 7 4 1 0 3
haar_x3
2.587943e-002 0 -1
-2.877927e-001 2.837026e-001 
1
2
14 0 6 2 0 -1
16 0 2 2 0 3
haar_x3
-2.075317e-002 0 -1
-7.900263e-001 9.203374e-002 
1
2
8 1 6 3 0 -1
8 2 6 1 0 3
haar_y3
-8.004457e-003 0 -1
3.680665e-001 -1.965555e-001 
1
2
9 0 6 8 0 -1
9 4 6 4 0 2
haar_y2
-2.121961e-001 0 -1
5.669597e-001 -1.218761e-001 
1
2
9 0 6 3 0 -1
9 1 6 1 0 3
haar_y3
-1.461045e-002 0 -1
4.340863e-001 -1.442152e-001 
1
2
14 0 6 2 0 -1
16 0 2 2 0 3
haar_x3
-1.190595e-002 0 -1
-2.220660e-001 5.074472e-002 
1
2
4 0 6 2 0 -1
6 0 2 2 0 3
haar_x3
1.154029e-002 0 -1
9.717441e-002 -7.011383e-001 
1
2
10 6 14 6 0 -1
10 6 7 6 0 2
haar_x2
2.644525e-002 0 -1
4.765429e-002 -3.943081e-001 
1
2
1 5 2 7 0 -1
2 5 1 7 0 2
haar_x2
-2.312355e-003 0 -1
1.733692e-001 -3.199504e-001 
1
2
13 10 2 2 0 -1
13 10 1 2 0 2
haar_x2
3.601903e-003 0 -1
4.717262e-002 -9.418297e-001 
1
2
6 1 12 6 0 -1
6 3 12 2 0 3
haar_y3
-8.492837e-002 0 -1
-7.524032e-001 5.646285e-002 
-1.812201e+000

35
45
