19
1
2
10 4 4 3 0 -1
10 5 4 1 0 3
haar_y3
3.046152e-002 0 -1
-7.426348e-001 3.430046e-001 
1
3
12 6 6 6 0 -1
15 6 3 3 0 2
12 9 3 3 0 2
haar_x2_y2
5.586892e-002 0 -1
-2.937143e-001 1.468365e-001 
1
3
5 3 6 4 0 -1
5 3 3 2 0 2
8 5 3 2 0 2
haar_x2_y2
-1.834643e-002 0 -1
4.264979e-001 -3.791757e-001 
1
2
7 0 10 9 0 -1
7 3 10 3 0 3
haar_y3
-1.563320e-001 0 -1
-1.000000e+000 1.214005e-001 
1
3
1 7 20 4 0 -1
1 7 10 2 0 2
11 9 10 2 0 2
haar_x2_y2
9.164463e-003 0 -1
-4.048679e-001 2.477426e-001 
1
2
11 8 12 4 0 -1
11 10 12 2 0 2
haar_y2
1.400115e-002 0 -1
-5.066647e-001 6.434353e-002 
1
2
2 7 6 4 0 -1
4 7 2 4 0 3
haar_x3
-5.218740e-003 0 -1
2.817317e-001 -3.511758e-001 
1
2
12 10 9 2 0 -1
15 10 3 2 0 3
haar_x3
1.318892e-002 0 -1
1.086134e-001 -6.563911e-001 
1
3
7 2 2 2 0 -1
7 2 1 1 0 2
8 3 1 1 0 2
haar_x2_y2
-1.967439e-003 0 -1
5.653132e-001 -1.558412e-001 
1
2
14 1 2 3 0 -1
14 2 2 1 0 3
haar_y3
5.242650e-003 0 -1
-1.237842e-001 4.087577e-001 
1
2
8 1 7 3 0 -1
8 2 7 1 0 3
haar_y3
-1.413180e-002 0 -1
5.504752e-001 -1.688644e-001 
1
2
3 5 18 7 0 -1
9 5 6 7 0 3
haar_x3
-9.848739e-002 0 -1
1.451234e-001 -6.786200e-001 
1
2
3 2 12 9 0 -1
3 5 12 3 0 3
haar_y3
-3.575936e-001 0 -1
5.389276e-001 -1.749669e-001 
1
2
11 0 2 3 0 -1
11 1 2 1 0 3
haar_y3
-2.236018e-003 0 -1
4.271410e-001 -1.948495e-001 
1
3
6 8 2 2 0 -1
6 8 1 1 0 2
7 9 1 1 0 2
haar_x2_y2
1.122555e-003 0 -1
1.184580e-001 -6.761596e-001 
1
2
15 5 6 3 0 -1
17 5 2 3 0 3
haar_x3
3.800494e-002 0 -1
-8.435179e-002 4.228975e-001 
1
2
3 5 6 3 0 -1
5 5 2 3 0 3
haar_x3
3.736486e-002 0 -1
-1.352669e-001 5.623974e-001 
1
2
13 10 9 2 0 -1
16 10 3 2 0 3
haar_x3
-2.615449e-002 0 -1
-9.340505e-001 1.026789e-001 
1
2
2 10 9 2 0 -1
5 10 3 2 0 3
haar_x3
1.499456e-002 0 -1
6.205582e-002 -8.143560e-001 
-1.995919e+000

22
30
