16
1
2
5 5 6 4 0 -1
7 5 2 4 0 3
haar_x3
4.199289e-002 0 -1
-3.376995e-001 6.039822e-001 
1
2
0 4 24 7 0 -1
8 4 8 7 0 3
haar_x3
-2.816346e-001 0 -1
3.596008e-001 -3.856280e-001 
1
2
0 1 11 4 0 -1
0 3 11 2 0 2
haar_y2
-2.210018e-002 0 -1
1.887967e-001 -6.027614e-001 
1
2
15 6 2 1 0 -1
15 6 1 1 0 2
haar_x2
-5.723861e-003 0 -1
6.952686e-001 -1.531176e-001 
1
2
7 6 2 1 0 -1
8 6 1 1 0 2
haar_x2
4.211547e-003 0 -1
-1.605655e-001 7.361392e-001 
1
3
6 0 18 4 0 -1
15 0 9 2 0 2
6 2 9 2 0 2
haar_x2_y2
-5.313644e-002 0 -1
1.346926e-001 -1.059138e-001 
1
3
0 0 20 4 0 -1
0 0 10 2 0 2
10 2 10 2 0 2
haar_x2_y2
-1.267737e-002 0 -1
2.641034e-001 -3.762261e-001 
1
3
15 3 2 2 0 -1
16 3 1 1 0 2
15 4 1 1 0 2
haar_x2_y2
-2.713266e-003 0 -1
4.307005e-001 -1.054756e-001 
1
2
3 1 9 2 0 -1
6 1 3 2 0 3
haar_x3
1.284706e-002 0 -1
1.850950e-001 -5.333510e-001 
1
2
7 7 12 1 0 -1
11 7 4 1 0 3
haar_x3
-4.264564e-002 0 -1
2.785322e-001 -2.278202e-001 
1
2
7 6 3 2 0 -1
8 6 1 2 0 3
haar_x3
-2.106767e-003 0 -1
5.749604e-001 -1.955129e-001 
1
2
22 6 2 2 0 -1
22 6 1 2 0 2
haar_x2
-1.135224e-003 0 -1
2.094884e-001 -1.568078e-001 
1
2
0 6 6 6 0 -1
0 9 6 3 0 2
haar_y2
2.258749e-002 0 -1
-4.964156e-001 1.694890e-001 
1
2
11 5 6 3 0 -1
13 5 2 3 0 3
haar_x3
-3.876597e-002 0 -1
4.766315e-001 -1.226812e-001 
1
3
7 3 2 2 0 -1
7 3 1 1 0 2
8 4 1 1 0 2
haar_x2_y2
-2.044866e-003 0 -1
5.252260e-001 -1.674348e-001 
1
2
9 6 6 4 0 -1
11 6 2 4 0 3
haar_x3
-1.454708e-002 0 -1
2.268511e-001 -3.927661e-001 
-1.285615e+000

61
-1
