21
1
2
6 6 12 4 0 -1
10 6 4 4 0 3
haar_x3
-1.289093e-001 0 -1
5.862988e-001 -3.216301e-001 
1
2
9 7 8 1 0 -1
9 7 4 1 0 2
haar_x2
1.870694e-002 0 -1
-3.377706e-002 5.012497e-001 
1
3
8 7 2 2 0 -1
8 7 1 1 0 2
9 8 1 1 0 2
haar_x2_y2
2.754533e-003 0 -1
-1.752001e-001 6.127143e-001 
1
2
8 4 14 1 0 -1
8 4 7 1 0 2
haar_x2
2.617345e-003 0 -1
-1.522647e-004 -2.871520e-001 
1
2
2 4 14 1 0 -1
9 4 7 1 0 2
haar_x2
-2.178968e-002 0 -1
3.626433e-001 -2.373789e-001 
1
2
8 0 12 1 0 -1
12 0 4 1 0 3
haar_x3
-2.612133e-003 0 -1
-2.483242e-001 8.734028e-002 
1
2
4 0 12 1 0 -1
8 0 4 1 0 3
haar_x3
-1.474338e-002 0 -1
-7.980627e-001 1.032394e-001 
1
2
10 7 6 1 0 -1
10 7 3 1 0 2
haar_x2
-2.253174e-002 0 -1
3.961931e-001 -4.762833e-002 
1
2
8 7 6 1 0 -1
11 7 3 1 0 2
haar_x2
-2.170515e-002 0 -1
4.946999e-001 -1.832730e-001 
1
2
11 11 9 1 0 -1
14 11 3 1 0 3
haar_x3
9.138275e-003 0 -1
1.311759e-001 -5.822709e-001 
1
2
0 9 5 2 0 -1
0 10 5 1 0 2
haar_y2
2.275664e-003 0 -1
-4.804898e-001 1.754447e-001 
1
2
11 5 6 3 0 -1
13 5 2 3 0 3
haar_x3
-2.354532e-002 0 -1
3.883891e-001 -1.930692e-001 
1
2
7 6 6 3 0 -1
9 6 2 3 0 3
haar_x3
-1.358450e-002 0 -1
4.871714e-001 -1.873244e-001 
1
3
19 10 2 2 0 -1
20 10 1 1 0 2
19 11 1 1 0 2
haar_x2_y2
-1.114896e-003 0 -1
-7.038640e-001 7.689609e-002 
1
2
6 0 1 4 0 -1
6 2 1 2 0 2
haar_y2
-1.760115e-003 0 -1
1.533352e-001 -4.804108e-001 
1
2
15 5 3 4 0 -1
16 5 1 4 0 3
haar_x3
1.304385e-002 0 -1
-1.373547e-001 4.855904e-001 
1
2
10 7 2 3 0 -1
10 8 2 1 0 3
haar_y3
6.458716e-003 0 -1
-1.556450e-001 4.932078e-001 
1
2
9 0 7 3 0 -1
9 1 7 1 0 3
haar_y3
2.371985e-002 0 -1
-1.432845e-001 5.175242e-001 
1
3
3 10 2 2 0 -1
3 10 1 1 0 2
4 11 1 1 0 2
haar_x2_y2
-9.025324e-004 0 -1
-7.195773e-001 1.245796e-001 
1
2
15 5 3 3 0 -1
16 5 1 3 0 3
haar_x3
-3.818588e-003 0 -1
4.905519e-001 -1.855472e-001 
1
2
0 1 8 6 0 -1
0 4 8 3 0 2
haar_y2
-1.339938e-001 0 -1
-8.140008e-001 1.068155e-001 
-1.204615e+000

94
-1
