13
1
2
7 7 2 2 0 -1
8 7 1 2 0 2
haar_x2
2.453749e-003 0 -1
-7.377953e-001 -1.291874e-001 
1
2
18 1 5 4 0 -1
18 3 5 2 0 2
haar_y2
-1.088931e-002 0 -1
1.227673e-001 -4.000749e-001 
1
2
1 1 5 4 0 -1
1 3 5 2 0 2
haar_y2
-6.627023e-003 0 -1
2.596649e-001 -5.443695e-001 
1
2
6 5 12 4 0 -1
10 5 4 4 0 3
haar_x3
-1.575582e-001 0 -1
3.180921e-001 -4.151633e-001 
1
2
0 5 2 4 0 -1
1 5 1 4 0 2
haar_x2
-7.112345e-004 0 -1
2.480373e-001 -4.970537e-001 
1
2
10 9 4 3 0 -1
10 9 2 3 0 2
haar_x2
-1.093444e-002 0 -1
-7.832130e-001 1.039160e-001 
1
2
10 11 4 1 0 -1
12 11 2 1 0 2
haar_x2
-5.422953e-003 0 -1
-8.454422e-001 8.067836e-002 
1
2
11 1 5 3 0 -1
11 2 5 1 0 3
haar_y3
-1.256492e-002 0 -1
4.684410e-001 -1.916990e-001 
1
2
6 6 2 2 0 -1
7 6 1 2 0 2
haar_x2
1.761946e-003 0 -1
-2.896645e-001 2.869142e-001 
1
2
12 6 6 2 0 -1
14 6 2 2 0 3
haar_x3
-1.333852e-002 0 -1
4.521731e-001 -1.602973e-001 
1
2
6 5 6 3 0 -1
8 5 2 3 0 3
haar_x3
-1.647708e-002 0 -1
5.964666e-001 -1.897471e-001 
1
2
23 8 1 4 0 -1
23 10 1 2 0 2
haar_y2
8.271785e-004 0 -1
-2.596028e-001 2.127434e-001 
1
2
0 8 2 4 0 -1
0 10 2 2 0 2
haar_y2
6.164750e-004 0 -1
-4.045542e-001 2.039040e-001 
-1.777500e+000

59
-1
