29
1
2
6 1 12 6 0 -1
6 3 12 2 0 3
haar_y3
-9.484228e-002 0 -1
7.706601e-001 -2.123837e-001 
1
2
6 7 12 1 0 -1
10 7 4 1 0 3
haar_x3
-4.929025e-002 0 -1
4.550951e-001 -1.943399e-001 
1
2
4 0 5 4 0 -1
4 2 5 2 0 2
haar_y2
-1.231778e-002 0 -1
2.433941e-001 -3.066255e-001 
1
3
15 6 2 6 0 -1
16 6 1 3 0 2
15 9 1 3 0 2
haar_x2_y2
4.519702e-003 0 -1
-1.983275e-001 3.178384e-001 
1
3
7 3 2 2 0 -1
7 3 1 1 0 2
8 4 1 1 0 2
haar_x2_y2
-3.821244e-003 0 -1
4.887974e-001 -1.186677e-001 
1
2
11 4 4 8 0 -1
11 8 4 4 0 2
haar_y2
7.351170e-002 0 -1
-2.147099e-001 2.249445e-001 
1
3
7 6 2 6 0 -1
7 6 1 3 0 2
8 9 1 3 0 2
haar_x2_y2
-2.975665e-003 0 -1
3.861820e-001 -1.551569e-001 
1
3
15 5 2 2 0 -1
16 5 1 1 0 2
15 6 1 1 0 2
haar_x2_y2
2.553042e-003 0 -1
-1.390752e-001 5.059045e-001 
1
3
7 5 2 2 0 -1
7 5 1 1 0 2
8 6 1 1 0 2
haar_x2_y2
-3.104385e-003 0 -1
5.615000e-001 -1.114472e-001 
1
2
23 0 1 2 0 -1
23 1 1 1 0 2
haar_y2
1.176574e-003 0 -1
-4.057750e-002 2.386475e-001 
1
2
0 10 1 2 0 -1
0 11 1 1 0 2
haar_y2
1.036095e-004 0 -1
-2.957356e-001 2.150486e-001 
1
2
23 9 1 3 0 -1
23 10 1 1 0 3
haar_y3
-3.986139e-003 0 -1
-7.982903e-001 4.866737e-002 
1
2
0 0 1 2 0 -1
0 1 1 1 0 2
haar_y2
8.597390e-004 0 -1
-1.830826e-001 3.347393e-001 
1
3
20 10 2 2 0 -1
21 10 1 1 0 2
20 11 1 1 0 2
haar_x2_y2
-1.928136e-003 0 -1
-8.373935e-001 5.253383e-002 
1
2
5 0 9 3 0 -1
8 0 3 3 0 3
haar_x3
2.943226e-002 0 -1
1.124519e-001 -4.750524e-001 
1
2
18 9 4 2 0 -1
18 9 2 2 0 2
haar_x2
1.064013e-002 0 -1
2.728864e-002 -9.036908e-001 
1
2
4 0 9 2 0 -1
7 0 3 2 0 3
haar_x3
-2.745915e-002 0 -1
-7.029734e-001 8.397467e-002 
1
2
18 9 4 2 0 -1
18 9 2 2 0 2
haar_x2
-2.668317e-002 0 -1
-9.217641e-001 -1.492233e-002 
1
2
2 9 4 2 0 -1
4 9 2 2 0 2
haar_x2
4.486249e-003 0 -1
1.193674e-001 -4.995513e-001 
1
2
10 4 8 7 0 -1
10 4 4 7 0 2
haar_x2
-1.021283e-002 0 -1
6.003562e-002 -1.843652e-001 
1
2
8 4 1 3 0 -1
8 5 1 1 0 3
haar_y3
-4.693002e-003 0 -1
3.713180e-001 -1.565405e-001 
1
3
11 0 6 6 0 -1
14 0 3 3 0 2
11 3 3 3 0 2
haar_x2_y2
-8.159264e-003 0 -1
1.375469e-001 -1.420949e-001 
1
2
8 7 8 3 0 -1
12 7 4 3 0 2
haar_x2
-6.553660e-002 0 -1
6.306472e-001 -9.730433e-002 
1
2
11 3 6 5 0 -1
13 3 2 5 0 3
haar_x3
-1.312612e-002 0 -1
1.327115e-001 -1.137125e-001 
1
2
7 3 6 5 0 -1
9 3 2 5 0 3
haar_x3
-2.260162e-002 0 -1
3.683039e-001 -1.651184e-001 
1
2
13 6 9 2 0 -1
16 6 3 2 0 3
haar_x3
-2.637180e-002 0 -1
3.519287e-001 -3.333492e-002 
1
2
2 6 9 2 0 -1
5 6 3 2 0 3
haar_x3
-1.578080e-002 0 -1
3.891661e-001 -1.532851e-001 
1
2
11 10 9 1 0 -1
14 10 3 1 0 3
haar_x3
8.304445e-003 0 -1
7.851931e-002 -5.396883e-001 
1
2
7 0 9 3 0 -1
7 1 9 1 0 3
haar_y3
-1.508729e-002 0 -1
3.651734e-001 -1.558164e-001 
-1.285473e+000

44
-1
