15
1
2
6 5 2 3 0 -1
7 5 1 3 0 2
haar_x2
2.588204e-003 0 -1
-3.213654e-001 5.081174e-001 
1
2
17 1 7 4 0 -1
17 3 7 2 0 2
haar_y2
-5.764253e-003 0 -1
2.767730e-001 -6.212034e-001 
1
2
0 1 7 4 0 -1
0 3 7 2 0 2
haar_y2
-4.649022e-003 0 -1
1.960389e-001 -5.833098e-001 
1
2
10 6 5 3 0 -1
10 7 5 1 0 3
haar_y3
-1.229957e-002 0 -1
5.241450e-001 -2.539607e-001 
1
2
6 3 12 9 0 -1
10 3 4 9 0 3
haar_x3
-1.615082e-001 0 -1
2.103580e-001 -5.289823e-001 
1
2
13 2 3 10 0 -1
13 7 3 5 0 2
haar_y2
2.529495e-002 0 -1
-5.315470e-001 2.116528e-001 
1
2
7 4 3 4 0 -1
8 4 1 4 0 3
haar_x3
-1.050264e-002 0 -1
6.737481e-001 -2.062401e-001 
1
2
20 3 4 7 0 -1
20 3 2 7 0 2
haar_x2
-6.082590e-003 0 -1
2.810421e-001 -4.070483e-001 
1
2
7 7 3 1 0 -1
8 7 1 1 0 3
haar_x3
4.593758e-003 0 -1
-2.510686e-001 5.899175e-001 
1
2
20 3 4 7 0 -1
20 3 2 7 0 2
haar_x2
2.661283e-002 0 -1
8.508774e-002 -9.096708e-001 
1
2
0 3 4 7 0 -1
2 3 2 7 0 2
haar_x2
-1.474300e-002 0 -1
2.281780e-001 -4.770147e-001 
1
2
7 6 12 2 0 -1
11 6 4 2 0 3
haar_x3
-1.171402e-001 0 -1
4.305273e-001 -7.872815e-002 
1
2
4 6 12 2 0 -1
8 6 4 2 0 3
haar_x3
-6.350952e-002 0 -1
5.981006e-001 -2.324352e-001 
1
2
13 4 2 8 0 -1
13 8 2 4 0 2
haar_y2
-4.144544e-003 0 -1
-7.903976e-001 3.559870e-002 
1
2
7 10 9 2 0 -1
10 10 3 2 0 3
haar_x3
-3.047719e-002 0 -1
-9.116478e-001 1.137965e-001 
-1.206796e+000

33
-1
