26
1
2
10 10 9 6 0 -1
13 10 3 6 0 3
haar_x3
-1.028245e-004 0 -1
2.358547e-001 -5.724679e-001 
1
2
7 8 27 2 0 -1
16 8 9 2 0 3
haar_x3
2.266283e-003 0 -1
-5.940487e-001 1.019989e-001 
1
2
17 0 10 4 0 -1
17 0 5 4 0 2
tilted_haar_x2
8.220136e-004 0 -1
-6.608444e-001 1.626542e-001 
1
2
10 4 15 10 0 -1
10 9 15 5 0 2
haar_y2
-1.647526e-003 0 -1
-8.329983e-001 1.475484e-001 
1
2
5 3 9 6 0 -1
5 5 9 2 0 3
haar_y3
4.485781e-003 0 -1
-3.011798e-001 3.855681e-001 
1
2
27 8 8 8 0 -1
27 12 8 4 0 2
haar_y2
2.330536e-003 0 -1
-7.091384e-001 1.076620e-001 
1
2
3 0 27 15 0 -1
12 5 9 5 0 9
haar_point
1.797658e-001 0 -1
1.421875e-001 -6.432601e-001 
1
2
18 0 6 9 0 -1
15 3 6 3 0 3
tilted_haar_x3
-2.333533e-002 0 -1
-4.789896e-001 9.094089e-002 
1
2
2 8 6 8 0 -1
2 12 6 4 0 2
haar_y2
3.670725e-005 0 -1
-8.025277e-001 1.256814e-001 
1
2
18 1 6 7 0 -1
18 1 3 7 0 2
haar_x2
1.653731e-003 0 -1
-6.183213e-001 8.626004e-002 
1
3
9 0 12 6 0 -1
9 0 6 3 0 2
15 3 6 3 0 2
haar_x2_y2
-4.383666e-003 0 -1
-5.764472e-001 1.431912e-001 
1
3
9 0 26 8 0 -1
22 0 13 4 0 2
9 4 13 4 0 2
haar_x2_y2
5.928549e-003 0 -1
1.009355e-001 -4.058219e-001 
1
3
0 0 30 8 0 -1
0 0 15 4 0 2
15 4 15 4 0 2
haar_x2_y2
8.597691e-003 0 -1
1.633327e-001 -5.236802e-001 
1
2
17 1 10 14 0 -1
17 1 5 14 0 2
haar_x2
-9.520854e-004 0 -1
-7.603233e-001 3.349391e-002 
1
2
8 1 10 14 0 -1
13 1 5 14 0 2
haar_x2
3.263485e-003 0 -1
-6.440861e-001 1.074166e-001 
1
2
19 4 5 8 0 -1
19 8 5 4 0 2
haar_y2
-2.288717e-002 0 -1
-4.937709e-001 -6.023161e-006 
1
2
11 4 5 8 0 -1
11 8 5 4 0 2
haar_y2
-8.488799e-004 0 -1
-3.568319e-001 1.729800e-001 
1
2
29 0 6 6 0 -1
29 0 3 6 0 2
haar_x2
6.827992e-004 0 -1
-2.105483e-001 1.476057e-001 
1
2
13 10 6 6 0 -1
13 13 6 3 0 2
haar_y2
-9.698716e-003 0 -1
-7.803535e-001 8.813579e-002 
1
3
14 10 20 4 0 -1
24 10 10 2 0 2
14 12 10 2 0 2
haar_x2_y2
4.051994e-003 0 -1
5.714327e-002 -5.618297e-001 
1
2
10 1 15 4 0 -1
10 3 15 2 0 2
haar_y2
-4.152008e-002 0 -1
4.807982e-001 -1.422955e-001 
1
2
4 11 27 4 0 -1
13 11 9 4 0 3
haar_x3
-5.442965e-004 0 -1
3.348423e-001 -2.267008e-001 
1
2
10 10 15 6 0 -1
10 12 15 2 0 3
haar_y3
-8.892190e-003 0 -1
-7.041569e-001 1.012970e-001 
1
2
7 7 21 3 0 -1
14 7 7 3 0 3
haar_x3
9.230059e-002 0 -1
-1.426700e-001 5.030372e-001 
1
2
8 0 18 3 0 -1
14 0 6 3 0 3
haar_x3
1.343905e-002 0 -1
2.872905e-001 -2.772229e-001 
1
2
14 0 9 6 0 -1
17 0 3 6 0 3
haar_x3
-7.263667e-003 0 -1
-7.463225e-001 5.289698e-002 
-1.703983e+000
